   8.3512869e-05
   8.6864428e-05
   9.2773005e-05
   1.0144280e-04
   1.0144280e-04
   1.0149014e-04
   1.0351251e-04
   1.0954814e-04
   1.0954814e-04
   1.0954814e-04
   1.0954814e-04
   1.1287657e-04
   1.1590093e-04
   1.1748162e-04
   1.2789688e-04
   1.3277124e-04
   1.3277124e-04
   1.3277124e-04
   1.3277124e-04
   1.3488213e-04
   1.4563246e-04
   1.4563246e-04
   1.4062582e-04
   1.4201742e-04
   1.4603273e-04
   1.5148532e-04
   1.5148532e-04
   1.5148532e-04
   1.5498600e-04
   1.5784614e-04
   1.5942190e-04
   1.6062517e-04
   1.6573582e-04
   1.6573582e-04
   1.6601479e-04
   1.6601479e-04
   1.6914413e-04
   1.7246823e-04
   1.7282267e-04
   1.7282267e-04
   1.7339823e-04
   1.7569920e-04
   1.7569920e-04
   1.7569920e-04
   1.7827374e-04
   1.8126810e-04
   1.8138763e-04
   1.8138763e-04
   1.8414212e-04
   1.8414212e-04
   1.8416832e-04
   1.9049926e-04
   1.9049926e-04
   1.9049926e-04
   1.9099320e-04
   1.9099320e-04
   1.9407193e-04
   1.9792528e-04
   1.9792528e-04
   1.9792528e-04
   1.9792528e-04
   2.0117694e-04
   2.0386513e-04
   2.0643390e-04
   2.0643390e-04
   2.1274076e-04
   2.1355962e-04
   2.1695473e-04
   2.2058884e-04
   2.2476393e-04
   2.2476393e-04
   2.2476393e-04
   2.2722031e-04
   2.2749335e-04
   2.3082052e-04
   2.3083958e-04
   2.3322446e-04
   2.3343704e-04
   2.3462697e-04
   2.3462697e-04
   2.3882296e-04
   2.3882296e-04
   2.3980189e-04
   2.4066137e-04
   2.4544887e-04
   2.4544887e-04
   2.4987244e-04
   2.4987244e-04
   2.5442996e-04
   2.6323518e-04
   2.6323518e-04
   2.6665225e-04
   2.7564305e-04
   2.7564305e-04
   2.7564305e-04
   2.7698913e-04
   2.8307265e-04
   2.8687156e-04
   2.9491643e-04
   2.9491643e-04
   3.0814556e-04
   3.0814556e-04
   3.0814556e-04
   3.0993028e-04
   3.0993028e-04
   3.1520838e-04
   3.1520838e-04
   3.1640340e-04
   3.1640340e-04
   3.2259197e-04
   3.2259197e-04
   3.2734702e-04
   3.2989470e-04
   3.2989470e-04
   3.3122380e-04
   3.4089548e-04
   3.4089548e-04
   3.4121074e-04
   3.4869850e-04
   3.4869850e-04
   3.4869850e-04
   3.5181452e-04
   3.5181452e-04
   3.5770609e-04
   3.5852166e-04
   3.5852166e-04
   3.5852166e-04
   3.5968271e-04
   3.6241589e-04
   3.6241589e-04
   3.6820089e-04
   3.7094765e-04
   3.7218943e-04
   3.7466898e-04
   3.7466898e-04
   3.7941045e-04
   3.7941045e-04
   3.7941045e-04
   3.8067272e-04
   3.8067272e-04
   3.8634424e-04
   3.8634424e-04
   3.8634424e-04
   3.8754222e-04
   3.9470454e-04
   3.9817362e-04
   4.0494372e-04
   4.0978143e-04
   4.2190807e-04
   4.2467873e-04
   4.2672235e-04
   4.3805003e-04
   4.3805003e-04
   4.4104879e-04
   4.4768004e-04
   4.4829250e-04
   4.6649454e-04
   4.7027372e-04
   4.7027372e-04
   4.7429051e-04
   4.7429051e-04
   4.7599564e-04
   4.7899493e-04
   4.7899493e-04
   4.8076582e-04
   4.8383407e-04
   4.9742850e-04
   4.9742850e-04
   4.9982891e-04
   5.0335596e-04
   5.0335596e-04
   5.0335596e-04
   5.1429768e-04
   5.1429768e-04
   5.2132222e-04
   5.2594862e-04
   5.2975443e-04
   5.2975443e-04
   5.2975443e-04
   5.2975443e-04
   5.3016495e-04
   5.3016495e-04
   5.3704280e-04
   5.3704280e-04
   5.3879463e-04
   5.4042527e-04
   5.4440288e-04
   5.5215083e-04
   5.5830230e-04
   5.5830230e-04
   5.6415163e-04
   5.7149824e-04
   5.7759227e-04
   5.8433288e-04
   5.8984774e-04
   5.9110744e-04
   6.0279661e-04
   6.0279661e-04
   6.0791598e-04
   6.1150611e-04
   6.2104882e-04
   6.4346339e-04
   6.5155831e-04
   6.5155831e-04
   6.5155831e-04
   6.5155831e-04
   6.6729090e-04
   6.7720667e-04
   6.7849003e-04
   6.8149623e-04
   6.8149623e-04
   6.8149623e-04
   6.8640228e-04
   6.8640228e-04
   6.8640228e-04
   6.8640228e-04
   6.9539407e-04
   6.9714551e-04
   7.0431455e-04
   7.0431455e-04
   7.0679077e-04
   7.0679077e-04
   7.0976907e-04
   7.1300920e-04
   7.1559042e-04
   7.1923664e-04
   7.2265745e-04
   7.2265745e-04
   7.2623049e-04
   7.3208213e-04
   7.3208213e-04
   7.3208213e-04
   7.3450332e-04
   7.4007664e-04
   7.4007664e-04
   7.4007664e-04
   7.4129250e-04
   7.4868109e-04
   7.4868109e-04
   7.4884144e-04
   7.5041332e-04
   7.5334619e-04
   7.5738358e-04
   7.5738358e-04
   7.5738358e-04
   7.7688262e-04
   8.0574519e-04
   8.3771355e-04
   8.3771355e-04
   8.3771355e-04
   8.4439861e-04
   8.5323942e-04
   8.5898514e-04
   8.6585979e-04
   8.8153873e-04
   8.8153873e-04
   8.8153873e-04
   8.8307917e-04
   8.8448576e-04
   8.8448576e-04
   8.9030712e-04
   8.9341054e-04
   9.0350742e-04
   9.0350742e-04
   9.0350742e-04
   9.0350742e-04
   9.2558221e-04
   9.5130645e-04
   1.0031249e-03
   1.0586756e-03
   1.0586756e-03
   1.1110503e-03
   1.1167885e-03
   1.1823596e-03
   1.2286170e-03
   1.2763440e-03
   1.2870536e-03
   1.2870536e-03
   1.2870536e-03
   1.3343865e-03
   1.3343865e-03
   1.3504274e-03
   1.3808255e-03
   1.3808255e-03
   1.3808255e-03
   1.3808255e-03
   1.4002599e-03
   1.4032434e-03
   1.4057535e-03
   1.4103502e-03
   1.4263232e-03
   1.4291778e-03
   1.4291778e-03
   1.4291778e-03
   1.4418584e-03
   1.4457727e-03
   1.4482998e-03
   1.4482998e-03
   1.4592932e-03
   1.4593531e-03
   1.4681677e-03
   1.4820720e-03
   1.4850900e-03
   1.4850900e-03
   1.4953033e-03
   1.4953033e-03
   1.5120255e-03
   1.5120255e-03
   1.5120255e-03
   1.5120255e-03
   1.5120255e-03
   1.5154040e-03
   1.5154040e-03
   1.5162291e-03
   1.5225455e-03
   1.5561098e-03
   1.5561098e-03
   1.5561098e-03
   1.5699775e-03
   1.5851123e-03
   1.5879913e-03
   1.5879913e-03
   1.5883411e-03
   1.5883411e-03
   1.5924705e-03
   1.5924705e-03
   1.5924705e-03
   1.6017833e-03
   1.6017833e-03
   1.6161967e-03
   1.6222083e-03
   1.6222083e-03
   1.6222083e-03
   1.6333710e-03
   1.6333710e-03
   1.6385476e-03
   1.6393914e-03
   1.6393914e-03
   1.6393914e-03
   1.6606406e-03
   1.6606406e-03
   1.6619182e-03
   1.6619182e-03
   1.6681008e-03
   1.6808533e-03
   1.6808533e-03
   1.6808533e-03
   1.6855584e-03
   1.6858264e-03
   1.6858264e-03
   1.6966521e-03
   1.7006183e-03
   1.7006183e-03
   1.7110757e-03
   1.7110757e-03
   1.7200467e-03
   1.7220414e-03
   1.7220414e-03
   1.7247799e-03
   1.7291391e-03
   1.7291391e-03
   1.7292642e-03
   1.7318160e-03
   1.7384646e-03
   1.7399915e-03
   1.7487966e-03
   1.7519503e-03
   1.7519503e-03
   1.7519503e-03
   1.7553731e-03
   1.7553731e-03
   1.7587459e-03
   1.7587459e-03
   1.7624444e-03
   1.7624444e-03
   1.7632477e-03
   1.7632477e-03
   1.7671466e-03
   1.7712173e-03
   1.7712173e-03
   1.7748480e-03
   1.7789790e-03
   1.7789790e-03
   1.7789790e-03
   1.7789790e-03
   1.7789790e-03
   1.7815566e-03
   1.7879852e-03
   1.7880574e-03
   1.7906159e-03
   1.7906159e-03
   1.7915386e-03
   1.7915386e-03
   1.7974011e-03
   1.7987261e-03
   1.8036562e-03
   1.8036562e-03
   1.8039640e-03
   1.8039640e-03
   1.8039640e-03
   1.8070800e-03
   1.8085483e-03
   1.8085483e-03
   1.8085483e-03
   1.8085483e-03
   1.8115212e-03
   1.8119971e-03
   1.8119971e-03
   1.8154307e-03
   1.8172135e-03
   1.8192328e-03
   1.8200989e-03
   1.8273577e-03
   1.8273577e-03
   1.8273577e-03
   1.8273577e-03
   1.8348380e-03
   1.8348380e-03
   1.8348380e-03
   1.8375628e-03
   1.8386882e-03
   1.8453275e-03
   1.8467758e-03
   1.8467758e-03
   1.8467758e-03
   1.8468934e-03
   1.8480738e-03
   1.8480738e-03
   1.8488143e-03
   1.8488143e-03
   1.8495357e-03
   1.8504516e-03
   1.8504516e-03
   1.8507680e-03
   1.8548411e-03
   1.8557882e-03
   1.8574662e-03
   1.8574662e-03
   1.8579377e-03
   1.8601442e-03
   1.8614354e-03
   1.8636748e-03
   1.8636748e-03
   1.8675449e-03
   1.8675449e-03
   1.8675449e-03
   1.8675449e-03
   1.8676052e-03
   1.8712848e-03
   1.8712848e-03
   1.8725816e-03
   1.8725816e-03
   1.8779405e-03
   1.8779405e-03
   1.8779405e-03
   1.8780851e-03
   1.8780851e-03
   1.8780851e-03
   1.8797763e-03
   1.8809196e-03
   1.8809819e-03
   1.8826014e-03
   1.8843210e-03
   1.8851342e-03
   1.8851342e-03
   1.8854040e-03
   1.8854040e-03
   1.8858132e-03
   1.8872075e-03
   1.8909906e-03
   1.8909906e-03
   1.8928475e-03
   1.8928475e-03
   1.8947466e-03
   1.8947466e-03
   1.8947466e-03
   1.8962889e-03
   1.9018407e-03
   1.9075346e-03
   1.9182985e-03
   1.9206277e-03
   1.9206277e-03
   1.9230375e-03
   1.9366501e-03
   1.9451065e-03
   1.9451065e-03
   1.9480824e-03
   1.9480824e-03
   1.9502571e-03
   1.9509478e-03
   1.9509478e-03
   1.9547148e-03
   1.9610336e-03
   1.9663595e-03
   1.9845389e-03
   1.9909314e-03
   1.9955896e-03
   2.0123527e-03
   2.0431739e-03
   2.0793785e-03
   2.1326521e-03
   2.1434849e-03
   2.1469046e-03
   2.1469046e-03
   2.1607083e-03
   2.1607083e-03
   2.1607083e-03
   2.1607083e-03
   2.1652380e-03
   2.1667349e-03
   2.1685962e-03
   2.1705011e-03
   2.1765608e-03
   2.1765608e-03
   2.1765608e-03
   2.1765608e-03
   2.1769275e-03
   2.1810565e-03
   2.1810565e-03
   2.1810565e-03
   2.1817361e-03
   2.1835576e-03
   2.1842411e-03
   2.1863863e-03
   2.1881381e-03
   2.1914645e-03
   2.1914645e-03
   2.1924208e-03
   2.1933611e-03
   2.1933611e-03
   2.1940148e-03
   2.1955433e-03
   2.1955433e-03
   2.1976929e-03
   2.1987603e-03
   2.1991567e-03
   2.1991567e-03
   2.1991567e-03
   2.1991567e-03
   2.2038080e-03
   2.2038080e-03
   2.2038080e-03
   2.2038080e-03
   2.2064954e-03
   2.2086236e-03
   2.2139477e-03
   2.2139477e-03
   2.2142486e-03
   2.2142486e-03
   2.2175652e-03
   2.2232784e-03
   2.2264716e-03
   2.2264716e-03
   2.2280459e-03
   2.2280459e-03
   2.2298855e-03
   2.2298855e-03
   2.2314968e-03
   2.2314968e-03
   2.2318507e-03
   2.2318507e-03
   2.2339228e-03
   2.2339228e-03
   2.2339228e-03
   2.2346511e-03
   2.2353502e-03
   2.2358324e-03
   2.2369688e-03
   2.2369688e-03
   2.2379191e-03
   2.2379191e-03
   2.2389145e-03
   2.2389145e-03
   2.2412783e-03
   2.2412783e-03
   2.2412783e-03
   2.2412783e-03
   2.2412783e-03
   2.2412783e-03
   2.2437608e-03
   2.2437608e-03
   2.2437608e-03
   2.2437608e-03
   2.2437608e-03
   2.2438091e-03
   2.2438091e-03
   2.2439487e-03
   2.2452798e-03
   2.2463630e-03
   2.2480203e-03
   2.2480203e-03
   2.2486258e-03
   2.2486258e-03
   2.2502869e-03
   2.2502869e-03
   2.2505600e-03
   2.2505617e-03
   2.2505617e-03
   2.2519901e-03
   2.2523205e-03
   2.2525512e-03
   2.2525512e-03
   2.2534928e-03
   2.2534928e-03
   2.2534928e-03
   2.2536139e-03
   2.2541809e-03
   2.2541809e-03
   2.2545307e-03
   2.2552304e-03
   2.2552304e-03
   2.2552304e-03
   2.2558711e-03
   2.2558711e-03
   2.2567723e-03
   2.2567723e-03
   2.2576614e-03
   2.2576614e-03
   2.2580929e-03
   2.2580929e-03
   2.2588536e-03
   2.2588536e-03
   2.2591826e-03
   2.2591826e-03
   2.2591826e-03
   2.2596189e-03
   2.2607014e-03
   2.2607014e-03
   2.2607014e-03
   2.2610959e-03
   2.2610959e-03
   2.2613621e-03
   2.2613621e-03
   2.2614164e-03
   2.2614164e-03
   2.2614164e-03
   2.2627035e-03
   2.2627035e-03
   2.2627775e-03
   2.2630893e-03
   2.2630893e-03
   2.2632602e-03
   2.2633253e-03
   2.2633253e-03
   2.2638992e-03
   2.2638996e-03
   2.2638996e-03
   2.2642294e-03
   2.2642294e-03
   2.2642294e-03
   2.2644707e-03
   2.2648309e-03
   2.2648309e-03
   2.2662590e-03
   2.2662590e-03
   2.2662590e-03
   2.2662590e-03
   2.2663098e-03
   2.2663888e-03
   2.2666047e-03
   2.2666047e-03
   2.2666843e-03
   2.2666843e-03
   2.2666843e-03
   2.2679520e-03
   2.2679520e-03
   2.2680396e-03
   2.2680396e-03
   2.2680592e-03
   2.2684056e-03
   2.2684056e-03
   2.2685970e-03
   2.2685970e-03
   2.2691114e-03
   2.2691114e-03
   2.2695053e-03
   2.2700406e-03
   2.2700782e-03
   2.2700782e-03
   2.2703375e-03
   2.2703375e-03
   2.2703375e-03
   2.2703375e-03
   2.2706014e-03
   2.2706014e-03
   2.2707623e-03
   2.2707623e-03
   2.2713082e-03
   2.2718546e-03
   2.2718546e-03
   2.2718546e-03
   2.2718546e-03
   2.2722559e-03
   2.2722559e-03
   2.2722559e-03
   2.2726181e-03
   2.2729409e-03
   2.2731789e-03
   2.2731789e-03
   2.2731789e-03
   2.2733003e-03
   2.2733969e-03
   2.2733969e-03
   2.2735172e-03
   2.2735172e-03
   2.2735172e-03
   2.2736391e-03
   2.2736391e-03
   2.2738173e-03
   2.2738173e-03
   2.2738173e-03
   2.2738173e-03
   2.2738660e-03
   2.2743293e-03
   2.2743293e-03
   2.2743293e-03
   2.2743293e-03
   2.2743590e-03
   2.2749303e-03
   2.2749303e-03
   2.2749303e-03
   2.2749303e-03
   2.2749303e-03
   2.2749558e-03
   2.2753738e-03
   2.2759341e-03
   2.2759685e-03
   2.2760237e-03
   2.2760237e-03
   2.2760853e-03
   2.2765150e-03
   2.2765150e-03
   2.2765150e-03
   2.2765150e-03
   2.2765150e-03
   2.2768998e-03
   2.2772933e-03
   2.2772933e-03
   2.2773514e-03
   2.2775814e-03
   2.2777077e-03
   2.2777077e-03
   2.2777566e-03
   2.2778405e-03
   2.2778405e-03
   2.2778405e-03
   2.2778405e-03
   2.2778405e-03
   2.2782289e-03
   2.2782289e-03
   2.2782289e-03
   2.2784331e-03
   2.2784331e-03
   2.2786761e-03
   2.2789778e-03
   2.2791395e-03
   2.2791395e-03
   2.2791395e-03
   2.2792858e-03
   2.2792858e-03
   2.2792858e-03
   2.2792858e-03
   2.2793058e-03
   2.2793266e-03
   2.2793822e-03
   2.2796342e-03
   2.2796342e-03
   2.2796342e-03
   2.2796944e-03
   2.2800841e-03
   2.2801078e-03
   2.2801078e-03
   2.2801078e-03
   2.2801078e-03
   2.2801095e-03
   2.2801095e-03
   2.2801719e-03
   2.2801719e-03
   2.2801719e-03
   2.2802351e-03
   2.2806286e-03
   2.2806286e-03
   2.2806286e-03
   2.2806286e-03
   2.2806286e-03
   2.2806286e-03
   2.2806673e-03
   2.2809193e-03
   2.2811046e-03
   2.2811046e-03
   2.2811046e-03
   2.2811548e-03
   2.2812730e-03
   2.2812730e-03
   2.2812730e-03
   2.2814073e-03
   2.2814073e-03
   2.2815547e-03
   2.2815547e-03
   2.2815547e-03
   2.2815547e-03
   2.2815710e-03
   2.2815710e-03
   2.2816075e-03
   2.2816509e-03
   2.2818099e-03
   2.2818099e-03
   2.2818885e-03
   2.2818885e-03
   2.2819128e-03
   2.2819128e-03
   2.2820038e-03
   2.2820038e-03
   2.2820430e-03
   2.2820430e-03
   2.2821619e-03
   2.2821619e-03
   2.2822897e-03
   2.2822897e-03
   2.2822924e-03
   2.2824586e-03
   2.2824586e-03
   2.2824586e-03
   2.2824586e-03
   2.2825950e-03
   2.2826847e-03
   2.2826847e-03
   2.2827134e-03
   2.2827153e-03
   2.2827153e-03
   2.2827153e-03
   2.2827153e-03
   2.2828006e-03
   2.2830269e-03
   2.2830420e-03
   2.2830420e-03
   2.2830904e-03
   2.2830904e-03
   2.2830904e-03
   2.2830904e-03
   2.2830904e-03
   2.2830904e-03
   2.2831954e-03
   2.2831954e-03
   2.2831954e-03
   2.2833760e-03
   2.2833760e-03
   2.2833760e-03
   2.2833815e-03
   2.2833815e-03
   2.2833815e-03
   2.2834169e-03
   2.2834169e-03
   2.2835193e-03
   2.2835193e-03
   2.2835193e-03
   2.2835452e-03
   2.2835452e-03
   2.2835452e-03
   2.2835452e-03
   2.2835452e-03
   2.2835452e-03
   2.2835789e-03
   2.2836127e-03
   2.2836127e-03
   2.2836998e-03
   2.2836998e-03
   2.2836998e-03
   2.2837001e-03
   2.2837001e-03
   2.2837001e-03
   2.2837006e-03
   2.2837514e-03
   2.2837839e-03
   2.2837839e-03
   2.2837839e-03
   2.2837839e-03
   2.2838430e-03
   2.2838430e-03
   2.2838430e-03
   2.2838430e-03
   2.2838430e-03
   2.2838472e-03
   2.2838472e-03
   2.2838472e-03
   2.2838472e-03
   2.2838472e-03
   2.2838472e-03
   2.2838472e-03
   2.2838475e-03
   2.2840404e-03
   2.2843293e-03
   2.2843293e-03
   2.2843293e-03
   2.2843293e-03
   2.2843742e-03
   2.2843776e-03
   2.2843776e-03
   2.2843928e-03
   2.2844232e-03
   2.2844286e-03
   2.2844899e-03
   2.2844951e-03
   2.2845196e-03
   2.2845196e-03
   2.2845196e-03
   2.2845196e-03
   2.2845196e-03
   2.2845196e-03
   2.2845196e-03
   2.2845196e-03
   2.2845601e-03
   2.2845601e-03
   2.2845844e-03
   2.2846269e-03
   2.2846749e-03
   2.2846749e-03
   2.2846749e-03
   2.2847105e-03
   2.2847105e-03
   2.2847350e-03
   2.2847652e-03
   2.2847652e-03
   2.2847741e-03
   2.2847741e-03
   2.2848037e-03
   2.2848182e-03
   2.2848182e-03
   2.2848195e-03
   2.2848494e-03
   2.2848494e-03
   2.2848834e-03
   2.2848834e-03
   2.2848834e-03
   2.2848952e-03
   2.2849097e-03
   2.2849300e-03
   2.2849300e-03
   2.2849392e-03
   2.2849392e-03
   2.2849415e-03
   2.2849779e-03
   2.2849779e-03
   2.2849779e-03
   2.2849881e-03
   2.2849881e-03
   2.2849881e-03
   2.2849998e-03
   2.2850126e-03
   2.2850126e-03
   2.2850602e-03
   2.2850602e-03
   2.2850721e-03
   2.2850759e-03
   2.2850863e-03
   2.2850973e-03
   2.2851645e-03
   2.2851645e-03
   2.2851645e-03
   2.2851645e-03
   2.2851673e-03
   2.2852124e-03
   2.2852124e-03
   2.2852339e-03
   2.2852588e-03
   2.2852588e-03
   2.2852588e-03
   2.2852808e-03
   2.2852808e-03
   2.2852808e-03
   2.2852808e-03
   2.2852808e-03
   2.2853105e-03
   2.2853627e-03
   2.2853627e-03
   2.2853998e-03
   2.2853998e-03
   2.2854241e-03
   2.2854241e-03
   2.2854394e-03
   2.2854569e-03
   2.2854569e-03
   2.2854569e-03
   2.2854569e-03
   2.2854569e-03
   2.2854576e-03
   2.2854711e-03
   2.2854909e-03
   2.2854974e-03
   2.2854974e-03
   2.2854974e-03
   2.2855088e-03
   2.2855487e-03
   2.2855487e-03
   2.2855487e-03
   2.2855487e-03
   2.2855487e-03
   2.2855690e-03
   2.2855690e-03
   2.2855811e-03
   2.2855899e-03
   2.2855899e-03
   2.2855899e-03
   2.2855957e-03
   2.2855957e-03
   2.2855972e-03
   2.2855991e-03
   2.2856208e-03
   2.2856208e-03
   2.2856648e-03
   2.2856648e-03
   2.2856648e-03
   2.2856690e-03
   2.2856690e-03
   2.2856739e-03
   2.2856798e-03
   2.2856798e-03
   2.2857081e-03
   2.2857197e-03
   2.2857197e-03
   2.2858609e-03
   2.2858609e-03
   2.2858640e-03
   2.2858789e-03
   2.2858789e-03
   2.2858789e-03
   2.2858907e-03
   2.2859208e-03
   2.2859208e-03
   2.2859208e-03
   2.2859208e-03
   2.2859208e-03
   2.2859256e-03
   2.2859387e-03
   2.2859387e-03
   2.2859504e-03
   2.2859644e-03
   2.2859660e-03
   2.2859759e-03
   2.2860118e-03
   2.2860118e-03
   2.2860172e-03
   2.2860172e-03
   2.2860264e-03
   2.2860264e-03
   2.2860264e-03
   2.2860448e-03
   2.2860448e-03
   2.2860969e-03
   2.2861217e-03
   2.2861298e-03
   2.2861298e-03
   2.2861888e-03
   2.2862417e-03
   2.2864032e-03
   2.2864150e-03
   2.2866437e-03
   2.2866682e-03
   2.2866682e-03
   2.2870963e-03
   2.2874589e-03
   2.2874589e-03
   2.2874589e-03
   2.2874847e-03
   2.2875461e-03
   2.2875461e-03
   2.2875461e-03
   2.2875461e-03
   2.2875740e-03
   2.2875740e-03
   2.2875783e-03
   2.2875783e-03
   2.2876070e-03
   2.2876070e-03
   2.2876481e-03
   2.2876527e-03
   2.2877132e-03
   2.2877132e-03
   2.2877132e-03
   2.2877132e-03
   2.2877132e-03
   2.2877339e-03
   2.2877646e-03
   2.2877854e-03
   2.2877854e-03
   2.2877854e-03
   2.2877854e-03
   2.2877985e-03
   2.2877985e-03
   2.2877985e-03
   2.2877985e-03
   2.2878054e-03
   2.2878146e-03
   2.2878146e-03
   2.2878171e-03
   2.2878171e-03
   2.2878191e-03
   2.2878440e-03
   2.2878440e-03
   2.2878497e-03
   2.2878497e-03
   2.2878746e-03
   2.2878746e-03
   2.2878746e-03
   2.2878746e-03
   2.2878839e-03
   2.2878839e-03
   2.2878917e-03
   2.2878917e-03
   2.2879007e-03
   2.2879063e-03
   2.2879063e-03
   2.2879150e-03
   2.2879150e-03
   2.2879436e-03
   2.2879436e-03
   2.2879500e-03
   2.2879500e-03
   2.2879575e-03
   2.2879575e-03
   2.2879648e-03
   2.2879648e-03
   2.2879648e-03
   2.2879648e-03
   2.2879648e-03
   2.2879725e-03
   2.2879782e-03
   2.2880028e-03
   2.2880065e-03
   2.2880339e-03
   2.2880339e-03
   2.2880339e-03
   2.2880339e-03
   2.2880339e-03
   2.2880725e-03
   2.2881455e-03
   2.2881455e-03
   2.2881593e-03
   2.2881885e-03
   2.2882076e-03
   2.2882076e-03
   2.2882128e-03
   2.2882128e-03
   2.2882459e-03
   2.2882459e-03
   2.2882580e-03
   2.2882879e-03
   2.2882879e-03
   2.2882879e-03
   2.2882879e-03
   2.2883022e-03
   2.2883048e-03
   2.2883048e-03
   2.2883048e-03
   2.2883120e-03
   2.2883258e-03
   2.2883258e-03
   2.2883694e-03
   2.2883694e-03
   2.2883694e-03
   2.2883694e-03
   2.2883694e-03
   2.2883694e-03
   2.2883832e-03
   2.2883832e-03
   2.2883838e-03
   2.2883838e-03
   2.2884006e-03
   2.2884006e-03
   2.2884006e-03
   2.2884006e-03
   2.2884087e-03
   2.2884118e-03
   2.2884118e-03
   2.2884118e-03
   2.2884165e-03
   2.2884165e-03
   2.2884165e-03
   2.2884197e-03
   2.2884319e-03
   2.2884397e-03
   2.2884397e-03
   2.2884397e-03
   2.2884397e-03
   2.2884399e-03
   2.2884475e-03
   2.2884475e-03
   2.2884475e-03
   2.2884475e-03
   2.2884475e-03
   2.2884475e-03
   2.2884475e-03
   2.2884549e-03
   2.2884549e-03
   2.2884549e-03
   2.2884594e-03
   2.2884594e-03
   2.2884646e-03
   2.2884646e-03
   2.2884646e-03
   2.2884646e-03
   2.2884646e-03
   2.2884646e-03
   2.2884646e-03
   2.2884696e-03
   2.2884777e-03
   2.2884777e-03
   2.2884964e-03
   2.2884964e-03
   2.2884964e-03
   2.2885041e-03
   2.2885041e-03
   2.2885041e-03
   2.2885041e-03
   2.2885041e-03
   2.2885041e-03
   2.2885188e-03
   2.2885288e-03
   2.2885288e-03
   2.2885292e-03
   2.2885339e-03
   2.2885339e-03
   2.2885339e-03
   2.2885434e-03
   2.2885434e-03
   2.2885447e-03
   2.2885526e-03
   2.2885526e-03
   2.2885526e-03
   2.2885526e-03
   2.2885526e-03
   2.2885555e-03
   2.2885555e-03
   2.2885555e-03
   2.2885591e-03
   2.2885591e-03
   2.2885624e-03
   2.2885624e-03
   2.2885628e-03
   2.2885693e-03
   2.2885693e-03
   2.2885693e-03
   2.2885720e-03
   2.2885766e-03
   2.2885766e-03
   2.2885837e-03
   2.2885837e-03
   2.2885837e-03
   2.2885855e-03
   2.2885855e-03
   2.2885855e-03
   2.2885909e-03
   2.2885944e-03
   2.2885944e-03
   2.2885953e-03
   2.2885953e-03
   2.2886021e-03
   2.2886021e-03
   2.2886021e-03
   2.2886021e-03
   2.2886067e-03
   2.2886112e-03
   2.2886151e-03
   2.2886151e-03
   2.2886172e-03
   2.2886185e-03
   2.2886185e-03
   2.2886293e-03
   2.2886293e-03
   2.2886293e-03
   2.2886293e-03
   2.2886328e-03
   2.2886328e-03
   2.2886328e-03
   2.2886328e-03
   2.2886328e-03
   2.2886335e-03
   2.2886335e-03
   2.2886339e-03
   2.2886339e-03
   2.2886339e-03
   2.2886347e-03
   2.2886347e-03
   2.2886372e-03
   2.2886372e-03
   2.2886372e-03
   2.2886372e-03
   2.2886388e-03
   2.2886388e-03
   2.2886405e-03
   2.2886408e-03
   2.2886416e-03
   2.2886417e-03
   2.2886441e-03
   2.2886441e-03
   2.2886464e-03
   2.2886464e-03
   2.2886464e-03
   2.2886464e-03
   2.2886484e-03
   2.2886503e-03
   2.2886503e-03
   2.2886503e-03
   2.2886510e-03
   2.2886522e-03
   2.2886553e-03
   2.2886565e-03
   2.2886565e-03
   2.2886565e-03
   2.2886573e-03
   2.2886591e-03
   2.2886617e-03
   2.2886620e-03
   2.2886657e-03
   2.2886722e-03
   2.2886795e-03
   2.2886795e-03
   2.2886795e-03
   2.2886795e-03
   2.2886825e-03
   2.2886907e-03
   2.2886907e-03
   2.2887037e-03
   2.2887037e-03
   2.2887037e-03
   2.2887037e-03
   2.2887136e-03
   2.2887136e-03
   2.2887136e-03
   2.2887143e-03
   2.2887196e-03
   2.2887196e-03
   2.2887198e-03
   2.2887198e-03
   2.2887198e-03
   2.2887198e-03
   2.2887198e-03
   2.2887225e-03
   2.2887225e-03
   2.2887257e-03
   2.2887257e-03
   2.2887257e-03
   2.2887257e-03
   2.2887257e-03
   2.2887257e-03
   2.2887272e-03
   2.2887272e-03
   2.2887295e-03
   2.2887295e-03
   2.2887345e-03
   2.2887345e-03
   2.2887353e-03
   2.2887353e-03
   2.2887353e-03
   2.2887385e-03
   2.2887385e-03
   2.2887435e-03
   2.2887435e-03
   2.2887435e-03
   2.2887460e-03
   2.2887464e-03
   2.2887467e-03
   2.2887506e-03
   2.2887510e-03
   2.2887521e-03
   2.2887521e-03
   2.2887521e-03
   2.2887521e-03
   2.2887521e-03
   2.2887555e-03
   2.2887555e-03
   2.2887568e-03
   2.2887568e-03
   2.2887568e-03
   2.2887614e-03
   2.2887631e-03
   2.2887631e-03
   2.2887631e-03
   2.2887631e-03
   2.2887631e-03
   2.2887631e-03
   2.2887631e-03
   2.2887634e-03
   2.2887665e-03
   2.2887675e-03
   2.2887675e-03
   2.2887675e-03
   2.2887677e-03
   2.2887695e-03
   2.2887700e-03
   2.2887700e-03
   2.2887700e-03
   2.2887700e-03
   2.2887723e-03
   2.2887723e-03
   2.2887723e-03
   2.2887723e-03
   2.2887728e-03
   2.2887728e-03
   2.2887735e-03
   2.2887735e-03
   2.2887735e-03
   2.2887735e-03
   2.2887740e-03
   2.2887740e-03
   2.2887751e-03
   2.2887751e-03
   2.2887751e-03
   2.2887751e-03
   2.2887751e-03
   2.2887751e-03
   2.2887772e-03
   2.2887778e-03
   2.2887800e-03
   2.2887800e-03
   2.2887811e-03
   2.2887811e-03
   2.2887811e-03
   2.2887811e-03
   2.2887811e-03
   2.2887826e-03
   2.2887831e-03
   2.2887867e-03
   2.2887896e-03
   2.2887901e-03
   2.2887911e-03
   2.2887911e-03
   2.2887924e-03
   2.2887977e-03
   2.2887977e-03
   2.2887977e-03
   2.2887977e-03
   2.2887977e-03
   2.2888010e-03
   2.2888078e-03
   2.2888078e-03
   2.2888078e-03
   2.2888078e-03
   2.2888114e-03
   2.2888272e-03
   2.2888361e-03
   2.2888361e-03
   2.2888408e-03
   2.2888408e-03
   2.2888412e-03
   2.2888412e-03
   2.2888412e-03
   2.2888412e-03
   2.2888412e-03
   2.2888419e-03
   2.2888439e-03
   2.2888439e-03
   2.2888443e-03
   2.2888443e-03
   2.2888443e-03
   2.2888450e-03
   2.2888450e-03
   2.2888466e-03
   2.2888466e-03
   2.2888466e-03
   2.2888466e-03
   2.2888483e-03
   2.2888483e-03
   2.2888483e-03
   2.2888483e-03
   2.2888483e-03
   2.2888483e-03
   2.2888483e-03
   2.2888483e-03
   2.2888483e-03
   2.2888495e-03
   2.2888495e-03
   2.2888501e-03
   2.2888501e-03
   2.2888501e-03
   2.2888505e-03
   2.2888505e-03
   2.2888512e-03
   2.2888517e-03
   2.2888517e-03
   2.2888517e-03
   2.2888517e-03
   2.2888520e-03
   2.2888520e-03
   2.2888520e-03
   2.2888520e-03
   2.2888520e-03
   2.2888529e-03
   2.2888538e-03
   2.2888538e-03
   2.2888538e-03
   2.2888538e-03
   2.2888538e-03
   2.2888540e-03
   2.2888540e-03
   2.2888540e-03
   2.2888543e-03
   2.2888549e-03
   2.2888552e-03
   2.2888564e-03
   2.2888565e-03
   2.2888568e-03
   2.2888570e-03
   2.2888582e-03
   2.2888590e-03
   2.2888590e-03
   2.2888601e-03
   2.2888601e-03
   2.2888601e-03
   2.2888601e-03
   2.2888613e-03
   2.2888618e-03
   2.2888618e-03
   2.2888618e-03
   2.2888624e-03
   2.2888650e-03
   2.2888711e-03
   2.2888727e-03
   2.2888764e-03
   2.2888781e-03
   2.2888865e-03
   2.2888903e-03
   2.2888938e-03
   2.2888997e-03
   2.2888997e-03
   2.2888997e-03
   2.2888997e-03
   2.2888997e-03
   2.2888997e-03
   2.2888997e-03
   2.2888997e-03
   2.2888997e-03
   2.2889002e-03
   2.2889002e-03
   2.2889013e-03
   2.2889013e-03
   2.2889013e-03
   2.2889037e-03
   2.2889037e-03
   2.2889037e-03
   2.2889037e-03
   2.2889082e-03
   2.2889082e-03
   2.2889082e-03
   2.2889082e-03
   2.2889111e-03
   2.2889129e-03
   2.2889129e-03
   2.2889134e-03
   2.2889152e-03
   2.2889152e-03
   2.2889155e-03
   2.2889206e-03
   2.2889318e-03
   2.2889416e-03
   2.2889539e-03
   2.2889726e-03
   2.2889726e-03
   2.2889726e-03
   2.2889726e-03
   2.2889727e-03
   2.2889727e-03
   2.2889727e-03
   2.2889727e-03
   2.2889727e-03
   2.2889735e-03
   2.2889735e-03
   2.2889735e-03
   2.2889736e-03
   2.2889736e-03
   2.2889765e-03
   2.2889794e-03
   2.2889794e-03
   2.2889794e-03
   2.2889813e-03
   2.2889813e-03
   2.2889813e-03
   2.2889813e-03
   2.2889817e-03
   2.2889820e-03
   2.2889822e-03
   2.2889824e-03
   2.2889838e-03
   2.2889845e-03
   2.2889845e-03
   2.2889845e-03
   2.2889854e-03
   2.2889854e-03
   2.2889854e-03
   2.2889856e-03
   2.2889858e-03
   2.2889858e-03
   2.2889867e-03
   2.2889867e-03
   2.2889867e-03
   2.2889873e-03
   2.2889873e-03
   2.2889873e-03
   2.2889879e-03
   2.2889879e-03
   2.2889881e-03
   2.2889881e-03
   2.2889881e-03
   2.2889884e-03
   2.2889884e-03
   2.2889892e-03
   2.2889892e-03
   2.2889893e-03
   2.2889901e-03
   2.2889901e-03
   2.2889905e-03
   2.2889905e-03
   2.2889905e-03
   2.2889905e-03
   2.2889919e-03
   2.2889919e-03
   2.2889920e-03
   2.2889920e-03
   2.2889931e-03
   2.2889953e-03
   2.2889989e-03
   2.2890030e-03
   2.2890030e-03
   2.2890055e-03
   2.2890063e-03
   2.2890063e-03
   2.2890064e-03
   2.2890064e-03
   2.2890074e-03
   2.2890077e-03
   2.2890077e-03
   2.2890084e-03
   2.2890084e-03
   2.2890093e-03
   2.2890101e-03
   2.2890101e-03
   2.2890101e-03
   2.2890113e-03
   2.2890113e-03
   2.2890121e-03
   2.2890142e-03
   2.2890142e-03
   2.2890142e-03
   2.2890149e-03
   2.2890174e-03
   2.2890188e-03
   2.2890188e-03
   2.2890188e-03
   2.2890200e-03
   2.2890212e-03
   2.2890212e-03
   2.2890212e-03
   2.2890224e-03
   2.2890230e-03
   2.2890230e-03
   2.2890230e-03
   2.2890230e-03
   2.2890230e-03
   2.2890241e-03
   2.2890241e-03
   2.2890241e-03
   2.2890241e-03
   2.2890241e-03
   2.2890241e-03
   2.2890241e-03
   2.2890241e-03
   2.2890249e-03
   2.2890250e-03
   2.2890250e-03
   2.2890250e-03
   2.2890251e-03
   2.2890251e-03
   2.2890254e-03
   2.2890262e-03
   2.2890262e-03
   2.2890262e-03
   2.2890262e-03
   2.2890262e-03
   2.2890262e-03
   2.2890262e-03
   2.2890288e-03
   2.2890288e-03
   2.2890288e-03
   2.2890316e-03
   2.2890356e-03
   2.2890405e-03
   2.2890425e-03
   2.2890425e-03
   2.2890425e-03
   2.2890462e-03
   2.2890468e-03
   2.2890482e-03
   2.2890482e-03
   2.2890482e-03
   2.2890482e-03
   2.2890495e-03
   2.2890495e-03
   2.2890495e-03
   2.2890495e-03
   2.2890495e-03
   2.2890495e-03
   2.2890501e-03
   2.2890501e-03
   2.2890501e-03
   2.2890501e-03
   2.2890503e-03
   2.2890503e-03
   2.2890503e-03
   2.2890503e-03
   2.2890506e-03
   2.2890516e-03
   2.2890516e-03
   2.2890516e-03
   2.2890519e-03
   2.2890519e-03
   2.2890524e-03
   2.2890531e-03
   2.2890536e-03
   2.2890536e-03
   2.2890538e-03
   2.2890543e-03
   2.2890543e-03
   2.2890543e-03
   2.2890547e-03
   2.2890547e-03
   2.2890559e-03
   2.2890569e-03
   2.2890581e-03
   2.2890581e-03
   2.2890581e-03
   2.2890581e-03
   2.2890581e-03
   2.2890581e-03
   2.2890584e-03
   2.2890588e-03
   2.2890588e-03
   2.2890591e-03
   2.2890600e-03
   2.2890600e-03
   2.2890609e-03
   2.2890609e-03
   2.2890614e-03
   2.2890614e-03
   2.2890615e-03
   2.2890619e-03
   2.2890619e-03
   2.2890637e-03
   2.2890637e-03
   2.2890648e-03
   2.2890653e-03
   2.2890669e-03
   2.2890671e-03
   2.2890671e-03
   2.2890671e-03
   2.2890671e-03
   2.2890677e-03
   2.2890678e-03
   2.2890678e-03
   2.2890679e-03
   2.2890679e-03
   2.2890683e-03
   2.2890685e-03
   2.2890685e-03
   2.2890702e-03
   2.2890702e-03
   2.2890702e-03
   2.2890702e-03
   2.2890702e-03
   2.2890702e-03
   2.2890706e-03
   2.2890706e-03
   2.2890706e-03
   2.2890706e-03
   2.2890709e-03
   2.2890709e-03
   2.2890709e-03
   2.2890755e-03
   2.2890789e-03
   2.2890789e-03
   2.2890789e-03
   2.2890790e-03
   2.2890811e-03
   2.2890811e-03
   2.2890811e-03
   2.2890811e-03
   2.2890814e-03
   2.2890814e-03
   2.2890814e-03
   2.2890814e-03
   2.2890817e-03
   2.2890817e-03
   2.2890818e-03
   2.2890818e-03
   2.2890818e-03
   2.2890818e-03
   2.2890826e-03
   2.2890826e-03
   2.2890828e-03
   2.2890828e-03
   2.2890828e-03
