   8.8056045e-05
   9.6045662e-05
   1.0479748e-04
   1.0684382e-04
   1.0684382e-04
   1.0684382e-04
   1.0892722e-04
   1.2032788e-04
   1.2976522e-04
   1.3326693e-04
   1.3823538e-04
   1.4124489e-04
   1.4599420e-04
   1.5093657e-04
   1.5093657e-04
   1.5093657e-04
   1.5339748e-04
   1.5608577e-04
   1.5938024e-04
   1.6480128e-04
   1.6480128e-04
   1.6686575e-04
   1.6686575e-04
   1.6692571e-04
   1.7286582e-04
   1.7566280e-04
   1.7642447e-04
   1.7865900e-04
   1.8696816e-04
   1.9112668e-04
   1.9112668e-04
   1.9112668e-04
   1.9116202e-04
   1.9652891e-04
   1.9652891e-04
   1.9899135e-04
   1.9899135e-04
   2.0093424e-04
   2.1016579e-04
   2.1132262e-04
   2.1901311e-04
   2.2445289e-04
   2.2445289e-04
   2.2828511e-04
   2.3583794e-04
   2.3583794e-04
   2.3630583e-04
   2.3764632e-04
   2.3764632e-04
   2.4276571e-04
   2.5178551e-04
   2.5394507e-04
   2.6041494e-04
   2.6081873e-04
   2.6428848e-04
   2.6803764e-04
   2.6803764e-04
   2.7562394e-04
   2.7562394e-04
   2.7660255e-04
   2.7793580e-04
   2.8357822e-04
   2.8357822e-04
   2.8357822e-04
   2.8606812e-04
   2.9231624e-04
   2.9231624e-04
   2.9231624e-04
   2.9307632e-04
   2.9307632e-04
   2.9477095e-04
   3.0040572e-04
   3.0040572e-04
   3.0230499e-04
   3.0308588e-04
   3.1211952e-04
   3.1944913e-04
   3.3547924e-04
   3.4933791e-04
   3.6007564e-04
   3.6007564e-04
   3.6007564e-04
   3.6108006e-04
   3.6108006e-04
   3.6108006e-04
   3.6428781e-04
   3.7310819e-04
   3.7442188e-04
   3.7442188e-04
   3.7532223e-04
   3.7532223e-04
   3.8907059e-04
   3.9759709e-04
   3.9759709e-04
   4.0136522e-04
   4.0136522e-04
   4.0799331e-04
   4.0799331e-04
   4.1588390e-04
   4.1588390e-04
   4.1703666e-04
   4.1703666e-04
   4.2155153e-04
   4.3039572e-04
   4.3039572e-04
   4.3522084e-04
   4.3522084e-04
   4.3891943e-04
   4.3891943e-04
   4.4217544e-04
   4.4902480e-04
   4.4902480e-04
   4.6403958e-04
   4.6762709e-04
   4.6762709e-04
   4.6762709e-04
   4.7405213e-04
   4.7405213e-04
   4.8460306e-04
   4.9121038e-04
   4.9920444e-04
   5.0145224e-04
   5.2181662e-04
   5.2181662e-04
   5.2181662e-04
   5.3394838e-04
   5.3834025e-04
   5.3834025e-04
   5.4894636e-04
   5.6315189e-04
   5.6315189e-04
   5.7470742e-04
   5.7470742e-04
   5.7470742e-04
   5.9300433e-04
   5.9300433e-04
   5.9300433e-04
   6.0017414e-04
   6.0591601e-04
   6.1041526e-04
   6.1263516e-04
   6.1657567e-04
   6.1675678e-04
   6.1675678e-04
   6.2691218e-04
   6.2691218e-04
   6.3311969e-04
   6.3507481e-04
   6.3507481e-04
   6.4981036e-04
   6.4981036e-04
   6.5077137e-04
   6.5077137e-04
   6.5816488e-04
   6.5816488e-04
   6.5816488e-04
   6.6251557e-04
   6.6680677e-04
   6.7025026e-04
   6.8045501e-04
   6.9524520e-04
   6.9524520e-04
   6.9524520e-04
   7.0120620e-04
   7.0120620e-04
   7.0302446e-04
   7.1236443e-04
   7.1368360e-04
   7.1368360e-04
   7.2550333e-04
   7.2792252e-04
   7.3524680e-04
   7.4094848e-04
   7.4094848e-04
   7.4742639e-04
   7.4742639e-04
   7.5197618e-04
   7.5197618e-04
   7.5841933e-04
   7.6072676e-04
   7.6434969e-04
   7.7161567e-04
   7.7386533e-04
   7.7386533e-04
   7.7543080e-04
   7.8168312e-04
   7.8168312e-04
   7.8203623e-04
   7.8628455e-04
   7.8628455e-04
   7.9337890e-04
   7.9343736e-04
   7.9653439e-04
   7.9822912e-04
   7.9822912e-04
   8.0005871e-04
   8.0005871e-04
   8.0383383e-04
   8.1556726e-04
   8.1556726e-04
   8.1556726e-04
   8.2632681e-04
   8.2632681e-04
   8.2891539e-04
   8.3544662e-04
   8.3786356e-04
   8.3871208e-04
   8.4363471e-04
   8.4804819e-04
   8.4804819e-04
   8.4914109e-04
   8.4914109e-04
   8.4914109e-04
   8.5677315e-04
   8.6895933e-04
   8.6895933e-04
   8.7895610e-04
   8.8957391e-04
   8.8957391e-04
   8.9464688e-04
   9.0194087e-04
   9.0194087e-04
   9.0194087e-04
   9.0194087e-04
   9.0755935e-04
   9.1420134e-04
   9.1420134e-04
   9.1615680e-04
   9.1819008e-04
   9.2699366e-04
   9.2777716e-04
   9.2777716e-04
   9.2965847e-04
   9.2965847e-04
   9.2965847e-04
   9.3137370e-04
   9.3137370e-04
   9.3281821e-04
   9.3963438e-04
   9.3963438e-04
   9.3963438e-04
   9.3963438e-04
   9.4165163e-04
   9.4564872e-04
   9.4645259e-04
   9.5103167e-04
   9.5103167e-04
   9.5276168e-04
   9.5693954e-04
   9.6096638e-04
   9.6096638e-04
   9.6463050e-04
   9.6463050e-04
   9.6814339e-04
   9.6944712e-04
   9.7547807e-04
   9.7547807e-04
   9.7547807e-04
   9.7547807e-04
   9.7630474e-04
   9.7943755e-04
   9.7943755e-04
   9.8187781e-04
   9.8349297e-04
   9.8349297e-04
   9.8349297e-04
   9.8349297e-04
   9.8719054e-04
   9.8972861e-04
   9.9115185e-04
   9.9535437e-04
   9.9537720e-04
   9.9688088e-04
   9.9688088e-04
   9.9883778e-04
   9.9883778e-04
   9.9883778e-04
   1.0039872e-03
   1.0039872e-03
   1.0048010e-03
   1.0061156e-03
   1.0162125e-03
   1.0173667e-03
   1.0173667e-03
   1.0173667e-03
   1.0173667e-03
   1.0173667e-03
   1.0173667e-03
   1.0181430e-03
   1.0212383e-03
   1.0237397e-03
   1.0237397e-03
   1.0256212e-03
   1.0256457e-03
   1.0271523e-03
   1.0295385e-03
   1.0306932e-03
   1.0334655e-03
   1.0337840e-03
   1.0346124e-03
   1.0346124e-03
   1.0372368e-03
   1.0372368e-03
   1.0372368e-03
   1.0383134e-03
   1.0383134e-03
   1.0453707e-03
   1.0508836e-03
   1.0546210e-03
   1.0574365e-03
   1.0611964e-03
   1.0619557e-03
   1.0619557e-03
   1.0641263e-03
   1.0662521e-03
   1.0662816e-03
   1.0662816e-03
   1.0675505e-03
   1.0675920e-03
   1.0687375e-03
   1.0698895e-03
   1.0730900e-03
   1.0744831e-03
   1.0744831e-03
   1.0744831e-03
   1.0760919e-03
   1.0769488e-03
   1.0769488e-03
   1.0788127e-03
   1.0788127e-03
   1.0793442e-03
   1.0795553e-03
   1.0795553e-03
   1.0800273e-03
   1.0832647e-03
   1.0860536e-03
   1.0867863e-03
   1.0867863e-03
   1.0867863e-03
   1.0890585e-03
   1.0902247e-03
   1.0902247e-03
   1.0902247e-03
   1.0911850e-03
   1.0927366e-03
   1.0927366e-03
   1.0943430e-03
   1.0944723e-03
   1.0956703e-03
   1.0970636e-03
   1.0970636e-03
   1.0988988e-03
   1.0988988e-03
   1.0988988e-03
   1.1022889e-03
   1.1026982e-03
   1.1036009e-03
   1.1036009e-03
   1.1045313e-03
   1.1045313e-03
   1.1045313e-03
   1.1053003e-03
   1.1055285e-03
   1.1055285e-03
   1.1055627e-03
   1.1056848e-03
   1.1066636e-03
   1.1066636e-03
   1.1077164e-03
   1.1077164e-03
   1.1083233e-03
   1.1083233e-03
   1.1095369e-03
   1.1095369e-03
   1.1096035e-03
   1.1096035e-03
   1.1096035e-03
   1.1102296e-03
   1.1105707e-03
   1.1115887e-03
   1.1117555e-03
   1.1117555e-03
   1.1117555e-03
   1.1123097e-03
   1.1127665e-03
   1.1127665e-03
   1.1131830e-03
   1.1131830e-03
   1.1141735e-03
   1.1141735e-03
   1.1144359e-03
   1.1148977e-03
   1.1148977e-03
   1.1151901e-03
   1.1151901e-03
   1.1151901e-03
   1.1159019e-03
   1.1159019e-03
   1.1159019e-03
   1.1164289e-03
   1.1166447e-03
   1.1166447e-03
   1.1173476e-03
   1.1184384e-03
   1.1184384e-03
   1.1184384e-03
   1.1184742e-03
   1.1187073e-03
   1.1187073e-03
   1.1187073e-03
   1.1187073e-03
   1.1187073e-03
   1.1190814e-03
   1.1197218e-03
   1.1201291e-03
   1.1208690e-03
   1.1208690e-03
   1.1211845e-03
   1.1211845e-03
   1.1216559e-03
   1.1216884e-03
   1.1216884e-03
   1.1217211e-03
   1.1217211e-03
   1.1217211e-03
   1.1224231e-03
   1.1229675e-03
   1.1229675e-03
   1.1232219e-03
   1.1238989e-03
   1.1238989e-03
   1.1238989e-03
   1.1238989e-03
   1.1238989e-03
   1.1240973e-03
   1.1241696e-03
   1.1242046e-03
   1.1242867e-03
   1.1245371e-03
   1.1245371e-03
   1.1248038e-03
   1.1253402e-03
   1.1253722e-03
   1.1254491e-03
   1.1254491e-03
   1.1254491e-03
   1.1255125e-03
   1.1255591e-03
   1.1255591e-03
   1.1257795e-03
   1.1257795e-03
   1.1264747e-03
   1.1264747e-03
   1.1267194e-03
   1.1268094e-03
   1.1268094e-03
   1.1268094e-03
   1.1268094e-03
   1.1269206e-03
   1.1269312e-03
   1.1271360e-03
   1.1273677e-03
   1.1273677e-03
   1.1276539e-03
   1.1276539e-03
   1.1276788e-03
   1.1278016e-03
   1.1281462e-03
   1.1281462e-03
   1.1282949e-03
   1.1282949e-03
   1.1286908e-03
   1.1286908e-03
   1.1287419e-03
   1.1288188e-03
   1.1290483e-03
   1.1296225e-03
   1.1296225e-03
   1.1296225e-03
   1.1296267e-03
   1.1296267e-03
   1.1296715e-03
   1.1298995e-03
   1.1298995e-03
   1.1303493e-03
   1.1306959e-03
   1.1306959e-03
   1.1307877e-03
   1.1312393e-03
   1.1312393e-03
   1.1312393e-03
   1.1312393e-03
   1.1312393e-03
   1.1315007e-03
   1.1315007e-03
   1.1316109e-03
   1.1316235e-03
   1.1318826e-03
   1.1318826e-03
   1.1318826e-03
   1.1318826e-03
   1.1321553e-03
   1.1323270e-03
   1.1323270e-03
   1.1323270e-03
   1.1325837e-03
   1.1326395e-03
   1.1330829e-03
   1.1336488e-03
   1.1336488e-03
   1.1342054e-03
   1.1342054e-03
   1.1345478e-03
   1.1349721e-03
   1.1349721e-03
   1.1351365e-03
   1.1351365e-03
   1.1356011e-03
   1.1370472e-03
   1.1373729e-03
   1.1379271e-03
   1.1379271e-03
   1.1379271e-03
   1.1379340e-03
   1.1379340e-03
   1.1379340e-03
   1.1379588e-03
   1.1379588e-03
   1.1379588e-03
   1.1380221e-03
   1.1382335e-03
   1.1385993e-03
   1.1385993e-03
   1.1385993e-03
   1.1385993e-03
   1.1385993e-03
   1.1386621e-03
   1.1386635e-03
   1.1386635e-03
   1.1387888e-03
   1.1388784e-03
   1.1388784e-03
   1.1388784e-03
   1.1389731e-03
   1.1389731e-03
   1.1390462e-03
   1.1390462e-03
   1.1391675e-03
   1.1391675e-03
   1.1392602e-03
   1.1393172e-03
   1.1393172e-03
   1.1393172e-03
   1.1394731e-03
   1.1394731e-03
   1.1394731e-03
   1.1394731e-03
   1.1395635e-03
   1.1397394e-03
   1.1397663e-03
   1.1397663e-03
   1.1398098e-03
   1.1398098e-03
   1.1398098e-03
   1.1398098e-03
   1.1398252e-03
   1.1398762e-03
   1.1400273e-03
   1.1401362e-03
   1.1401362e-03
   1.1401362e-03
   1.1401368e-03
   1.1401368e-03
   1.1401758e-03
   1.1401758e-03
   1.1403502e-03
   1.1403502e-03
   1.1403976e-03
   1.1403976e-03
   1.1404553e-03
   1.1404553e-03
   1.1404849e-03
   1.1404849e-03
   1.1405783e-03
   1.1405783e-03
   1.1405783e-03
   1.1406443e-03
   1.1406443e-03
   1.1406454e-03
   1.1406454e-03
   1.1406662e-03
   1.1409401e-03
   1.1409401e-03
   1.1409401e-03
   1.1409401e-03
   1.1409401e-03
   1.1409772e-03
   1.1410086e-03
   1.1410814e-03
   1.1410814e-03
   1.1411610e-03
   1.1413488e-03
   1.1413488e-03
   1.1413488e-03
   1.1413488e-03
   1.1413488e-03
   1.1415109e-03
   1.1415109e-03
   1.1415109e-03
   1.1415346e-03
   1.1415703e-03
   1.1415703e-03
   1.1416229e-03
   1.1416229e-03
   1.1416597e-03
   1.1416597e-03
   1.1416597e-03
   1.1416781e-03
   1.1417371e-03
   1.1417898e-03
   1.1417898e-03
   1.1417898e-03
   1.1418178e-03
   1.1418178e-03
   1.1418178e-03
   1.1418178e-03
   1.1418259e-03
   1.1418259e-03
   1.1419080e-03
   1.1419551e-03
   1.1419551e-03
   1.1420255e-03
   1.1420455e-03
   1.1420455e-03
   1.1420455e-03
   1.1420455e-03
   1.1421626e-03
   1.1421794e-03
   1.1421794e-03
   1.1422896e-03
   1.1423678e-03
   1.1425813e-03
   1.1426010e-03
   1.1426010e-03
   1.1426010e-03
   1.1426648e-03
   1.1427353e-03
   1.1427353e-03
   1.1427673e-03
   1.1427673e-03
   1.1427673e-03
   1.1428598e-03
   1.1428598e-03
   1.1429011e-03
   1.1429011e-03
   1.1429721e-03
   1.1429893e-03
   1.1430889e-03
   1.1431701e-03
   1.1431701e-03
   1.1431838e-03
   1.1432411e-03
   1.1432754e-03
   1.1432754e-03
   1.1432754e-03
   1.1433143e-03
   1.1433645e-03
   1.1433645e-03
   1.1434309e-03
   1.1434309e-03
   1.1434309e-03
   1.1434309e-03
   1.1434398e-03
   1.1434398e-03
   1.1434398e-03
   1.1434398e-03
   1.1434485e-03
   1.1434909e-03
   1.1434909e-03
   1.1435538e-03
   1.1435538e-03
   1.1435754e-03
   1.1435754e-03
   1.1435849e-03
   1.1435853e-03
   1.1436048e-03
   1.1436048e-03
   1.1436065e-03
   1.1436065e-03
   1.1436118e-03
   1.1436483e-03
   1.1436552e-03
   1.1436552e-03
   1.1436552e-03
   1.1436699e-03
   1.1437176e-03
   1.1437362e-03
   1.1437939e-03
   1.1437939e-03
   1.1438001e-03
   1.1438001e-03
   1.1438001e-03
   1.1438264e-03
   1.1438284e-03
   1.1438662e-03
   1.1438662e-03
   1.1438662e-03
   1.1438662e-03
   1.1438745e-03
   1.1439183e-03
   1.1439311e-03
   1.1439311e-03
   1.1440275e-03
   1.1440836e-03
   1.1441491e-03
   1.1441491e-03
   1.1442056e-03
   1.1442082e-03
   1.1443471e-03
   1.1443471e-03
   1.1443542e-03
   1.1443542e-03
   1.1444549e-03
   1.1445381e-03
   1.1445381e-03
   1.1445381e-03
   1.1446157e-03
   1.1446157e-03
   1.1446157e-03
   1.1446559e-03
   1.1446559e-03
   1.1446726e-03
   1.1446742e-03
   1.1446742e-03
   1.1447256e-03
   1.1447256e-03
   1.1447256e-03
   1.1447512e-03
   1.1447524e-03
   1.1447592e-03
   1.1447592e-03
   1.1447592e-03
   1.1447592e-03
   1.1447592e-03
   1.1447882e-03
   1.1447882e-03
   1.1447882e-03
   1.1447882e-03
   1.1447882e-03
   1.1448099e-03
   1.1448099e-03
   1.1448099e-03
   1.1448122e-03
   1.1448122e-03
   1.1448159e-03
   1.1448487e-03
   1.1448543e-03
   1.1448674e-03
   1.1448674e-03
   1.1448681e-03
   1.1448681e-03
   1.1448888e-03
   1.1448888e-03
   1.1448888e-03
   1.1449087e-03
   1.1449087e-03
   1.1449116e-03
   1.1449208e-03
   1.1449241e-03
   1.1449362e-03
   1.1449552e-03
   1.1449657e-03
   1.1449657e-03
   1.1449671e-03
   1.1449671e-03
   1.1449671e-03
   1.1449671e-03
   1.1449758e-03
   1.1449758e-03
   1.1449758e-03
   1.1449758e-03
   1.1449759e-03
   1.1450033e-03
   1.1450033e-03
   1.1450033e-03
   1.1450033e-03
   1.1450033e-03
   1.1450033e-03
   1.1450033e-03
   1.1450074e-03
   1.1450080e-03
   1.1450147e-03
   1.1450147e-03
   1.1450234e-03
   1.1450234e-03
   1.1450381e-03
   1.1450476e-03
   1.1450476e-03
   1.1450476e-03
   1.1450476e-03
   1.1450476e-03
   1.1450549e-03
   1.1450591e-03
   1.1450591e-03
   1.1450654e-03
   1.1450654e-03
   1.1450654e-03
   1.1450753e-03
   1.1450753e-03
   1.1450773e-03
   1.1450925e-03
   1.1450991e-03
   1.1450991e-03
   1.1450991e-03
   1.1451016e-03
   1.1451016e-03
   1.1451016e-03
   1.1451019e-03
   1.1451028e-03
   1.1451077e-03
   1.1451077e-03
   1.1451121e-03
   1.1451174e-03
   1.1451341e-03
   1.1451341e-03
   1.1451341e-03
   1.1451350e-03
   1.1451453e-03
   1.1451453e-03
   1.1451453e-03
   1.1451453e-03
   1.1451572e-03
   1.1451572e-03
   1.1451572e-03
   1.1451572e-03
   1.1451572e-03
   1.1451572e-03
   1.1451572e-03
   1.1451572e-03
   1.1451572e-03
   1.1451572e-03
   1.1451572e-03
   1.1451572e-03
   1.1451617e-03
   1.1451786e-03
   1.1451786e-03
   1.1451786e-03
   1.1451793e-03
   1.1451793e-03
   1.1451801e-03
   1.1451864e-03
   1.1451864e-03
   1.1451873e-03
   1.1451873e-03
   1.1451873e-03
   1.1451873e-03
   1.1451953e-03
   1.1451953e-03
   1.1451991e-03
   1.1451991e-03
   1.1452000e-03
   1.1452061e-03
   1.1452103e-03
   1.1452132e-03
   1.1452132e-03
   1.1452193e-03
   1.1452264e-03
   1.1452299e-03
   1.1452388e-03
   1.1452388e-03
   1.1452412e-03
   1.1452412e-03
   1.1452464e-03
   1.1452464e-03
   1.1452471e-03
   1.1452548e-03
   1.1452548e-03
   1.1452565e-03
   1.1452586e-03
   1.1452595e-03
   1.1452596e-03
   1.1452596e-03
   1.1452628e-03
   1.1452647e-03
   1.1452709e-03
   1.1452802e-03
   1.1452802e-03
   1.1452881e-03
   1.1452892e-03
   1.1452945e-03
   1.1452947e-03
   1.1452998e-03
   1.1453167e-03
   1.1453308e-03
   1.1453308e-03
   1.1453315e-03
   1.1453315e-03
   1.1453375e-03
   1.1453375e-03
   1.1453375e-03
   1.1453469e-03
   1.1453503e-03
   1.1453503e-03
   1.1453579e-03
   1.1453579e-03
   1.1453579e-03
   1.1453579e-03
   1.1453579e-03
   1.1453588e-03
   1.1453611e-03
   1.1453662e-03
   1.1453725e-03
   1.1453725e-03
   1.1453788e-03
   1.1453835e-03
   1.1453887e-03
   1.1453887e-03
   1.1453887e-03
   1.1453887e-03
   1.1453945e-03
   1.1454005e-03
   1.1454005e-03
   1.1454005e-03
   1.1454005e-03
   1.1454005e-03
   1.1454024e-03
   1.1454031e-03
   1.1454031e-03
   1.1454031e-03
   1.1454031e-03
   1.1454043e-03
   1.1454046e-03
   1.1454046e-03
   1.1454075e-03
   1.1454103e-03
   1.1454183e-03
   1.1454183e-03
   1.1454183e-03
   1.1454187e-03
   1.1454219e-03
   1.1454219e-03
   1.1454219e-03
   1.1454261e-03
   1.1454318e-03
   1.1454347e-03
   1.1454347e-03
   1.1454352e-03
   1.1454352e-03
   1.1454352e-03
   1.1454352e-03
   1.1454352e-03
   1.1454371e-03
   1.1454419e-03
   1.1454439e-03
   1.1454439e-03
   1.1454439e-03
   1.1454439e-03
   1.1454469e-03
   1.1454526e-03
   1.1454526e-03
   1.1454542e-03
   1.1454542e-03
   1.1454545e-03
   1.1454545e-03
   1.1454564e-03
   1.1454576e-03
   1.1454580e-03
   1.1454617e-03
   1.1454662e-03
   1.1454662e-03
   1.1454662e-03
   1.1454662e-03
   1.1454689e-03
   1.1454726e-03
   1.1454726e-03
   1.1454726e-03
   1.1454726e-03
   1.1454726e-03
   1.1454753e-03
   1.1454765e-03
   1.1454847e-03
   1.1454847e-03
   1.1454847e-03
   1.1454876e-03
   1.1454881e-03
   1.1454881e-03
   1.1454906e-03
   1.1454997e-03
   1.1454997e-03
   1.1454997e-03
   1.1454997e-03
   1.1454997e-03
   1.1454997e-03
   1.1455003e-03
   1.1455029e-03
   1.1455029e-03
   1.1455053e-03
   1.1455097e-03
   1.1455111e-03
   1.1455111e-03
   1.1455111e-03
   1.1455147e-03
   1.1455147e-03
   1.1455147e-03
   1.1455152e-03
   1.1455152e-03
   1.1455160e-03
   1.1455160e-03
   1.1455185e-03
   1.1455200e-03
   1.1455212e-03
   1.1455212e-03
   1.1455212e-03
   1.1455216e-03
   1.1455216e-03
   1.1455216e-03
   1.1455216e-03
   1.1455254e-03
   1.1455259e-03
   1.1455262e-03
   1.1455262e-03
   1.1455332e-03
   1.1455411e-03
   1.1455446e-03
   1.1455446e-03
   1.1455492e-03
   1.1455515e-03
   1.1455540e-03
   1.1455540e-03
   1.1455540e-03
   1.1455562e-03
   1.1455568e-03
   1.1455568e-03
   1.1455571e-03
   1.1455571e-03
   1.1455606e-03
   1.1455617e-03
   1.1455617e-03
   1.1455633e-03
   1.1455633e-03
   1.1455633e-03
   1.1455664e-03
   1.1455664e-03
   1.1455683e-03
   1.1455683e-03
   1.1455683e-03
   1.1455683e-03
   1.1455684e-03
   1.1455684e-03
   1.1455694e-03
   1.1455721e-03
   1.1455832e-03
   1.1455832e-03
   1.1455832e-03
   1.1455838e-03
   1.1455838e-03
   1.1455838e-03
   1.1455838e-03
   1.1455838e-03
   1.1455838e-03
   1.1455867e-03
   1.1455867e-03
   1.1455867e-03
   1.1455870e-03
   1.1455870e-03
   1.1455886e-03
   1.1455886e-03
   1.1455886e-03
   1.1455886e-03
   1.1455886e-03
   1.1455904e-03
   1.1455922e-03
   1.1455922e-03
   1.1455922e-03
   1.1455924e-03
   1.1455941e-03
   1.1455959e-03
   1.1455959e-03
   1.1455959e-03
   1.1455959e-03
   1.1455959e-03
   1.1455994e-03
   1.1455995e-03
   1.1455995e-03
   1.1455995e-03
   1.1456001e-03
   1.1456047e-03
   1.1456047e-03
   1.1456058e-03
   1.1456058e-03
   1.1456060e-03
   1.1456060e-03
   1.1456060e-03
   1.1456062e-03
   1.1456062e-03
   1.1456072e-03
   1.1456072e-03
   1.1456076e-03
   1.1456076e-03
   1.1456076e-03
   1.1456076e-03
   1.1456077e-03
   1.1456077e-03
   1.1456086e-03
   1.1456086e-03
   1.1456090e-03
   1.1456097e-03
   1.1456097e-03
   1.1456101e-03
   1.1456101e-03
   1.1456115e-03
   1.1456115e-03
   1.1456115e-03
   1.1456115e-03
   1.1456120e-03
   1.1456146e-03
   1.1456146e-03
   1.1456146e-03
   1.1456150e-03
   1.1456175e-03
   1.1456182e-03
   1.1456182e-03
   1.1456182e-03
   1.1456189e-03
   1.1456189e-03
   1.1456196e-03
   1.1456214e-03
   1.1456220e-03
   1.1456220e-03
   1.1456220e-03
   1.1456222e-03
   1.1456222e-03
   1.1456225e-03
   1.1456225e-03
   1.1456231e-03
   1.1456240e-03
   1.1456242e-03
   1.1456242e-03
   1.1456253e-03
   1.1456253e-03
   1.1456253e-03
   1.1456262e-03
   1.1456274e-03
   1.1456274e-03
   1.1456283e-03
   1.1456283e-03
   1.1456294e-03
   1.1456303e-03
   1.1456303e-03
   1.1456303e-03
   1.1456313e-03
   1.1456313e-03
   1.1456313e-03
   1.1456328e-03
   1.1456331e-03
   1.1456343e-03
   1.1456343e-03
   1.1456343e-03
   1.1456343e-03
   1.1456345e-03
   1.1456351e-03
   1.1456357e-03
   1.1456381e-03
   1.1456381e-03
   1.1456388e-03
   1.1456388e-03
   1.1456388e-03
   1.1456388e-03
   1.1456388e-03
   1.1456389e-03
   1.1456392e-03
   1.1456392e-03
   1.1456408e-03
   1.1456408e-03
   1.1456408e-03
   1.1456423e-03
   1.1456427e-03
   1.1456427e-03
   1.1456427e-03
   1.1456440e-03
   1.1456440e-03
   1.1456456e-03
   1.1456456e-03
   1.1456456e-03
   1.1456456e-03
   1.1456456e-03
   1.1456466e-03
   1.1456466e-03
   1.1456466e-03
   1.1456471e-03
   1.1456471e-03
   1.1456471e-03
   1.1456492e-03
   1.1456530e-03
   1.1456535e-03
   1.1456535e-03
   1.1456569e-03
   1.1456574e-03
   1.1456574e-03
   1.1456574e-03
   1.1456574e-03
   1.1456579e-03
   1.1456585e-03
   1.1456585e-03
   1.1456585e-03
   1.1456595e-03
   1.1456601e-03
   1.1456601e-03
   1.1456601e-03
   1.1456601e-03
   1.1456605e-03
   1.1456612e-03
   1.1456612e-03
   1.1456612e-03
   1.1456612e-03
   1.1456619e-03
   1.1456619e-03
   1.1456620e-03
   1.1456620e-03
   1.1456624e-03
   1.1456625e-03
   1.1456629e-03
   1.1456638e-03
   1.1456638e-03
   1.1456638e-03
   1.1456638e-03
   1.1456638e-03
   1.1456647e-03
   1.1456679e-03
   1.1456731e-03
   1.1456745e-03
   1.1456761e-03
   1.1456769e-03
   1.1456801e-03
   1.1456801e-03
   1.1456801e-03
   1.1456801e-03
   1.1456801e-03
   1.1456801e-03
   1.1456802e-03
   1.1456806e-03
   1.1456806e-03
   1.1456806e-03
   1.1456806e-03
   1.1456806e-03
   1.1456806e-03
   1.1456806e-03
   1.1456808e-03
   1.1456809e-03
   1.1456811e-03
   1.1456814e-03
   1.1456814e-03
   1.1456816e-03
   1.1456817e-03
   1.1456817e-03
   1.1456817e-03
   1.1456817e-03
   1.1456834e-03
   1.1456834e-03
   1.1456834e-03
   1.1456834e-03
   1.1456834e-03
   1.1456835e-03
   1.1456835e-03
   1.1456835e-03
   1.1456839e-03
   1.1456839e-03
   1.1456839e-03
   1.1456839e-03
   1.1456841e-03
   1.1456841e-03
   1.1456841e-03
   1.1456841e-03
   1.1456846e-03
   1.1456849e-03
   1.1456854e-03
   1.1456854e-03
   1.1456854e-03
   1.1456854e-03
   1.1456865e-03
   1.1456872e-03
   1.1456872e-03
   1.1456872e-03
   1.1456874e-03
   1.1456874e-03
   1.1456874e-03
   1.1456874e-03
   1.1456877e-03
   1.1456880e-03
   1.1456889e-03
   1.1456889e-03
   1.1456889e-03
   1.1456889e-03
   1.1456889e-03
   1.1456889e-03
   1.1456909e-03
   1.1456930e-03
   1.1456930e-03
   1.1456936e-03
   1.1456936e-03
   1.1456936e-03
   1.1456936e-03
   1.1456939e-03
   1.1456939e-03
   1.1456939e-03
   1.1456939e-03
   1.1456941e-03
   1.1456943e-03
   1.1456945e-03
   1.1456945e-03
   1.1456945e-03
   1.1456951e-03
   1.1456951e-03
   1.1456951e-03
   1.1456951e-03
   1.1456951e-03
   1.1456953e-03
   1.1456953e-03
   1.1456953e-03
   1.1456953e-03
   1.1456954e-03
   1.1456954e-03
   1.1456954e-03
   1.1456954e-03
   1.1456954e-03
   1.1456954e-03
   1.1456954e-03
   1.1456955e-03
   1.1456955e-03
   1.1456955e-03
   1.1456955e-03
   1.1456955e-03
   1.1456955e-03
   1.1456956e-03
   1.1456956e-03
   1.1456959e-03
   1.1456960e-03
   1.1456960e-03
   1.1456960e-03
   1.1456961e-03
   1.1456970e-03
   1.1456970e-03
   1.1456970e-03
   1.1456970e-03
   1.1456972e-03
   1.1456972e-03
   1.1456972e-03
   1.1456972e-03
   1.1456972e-03
   1.1456972e-03
   1.1456973e-03
   1.1456973e-03
   1.1456973e-03
   1.1456975e-03
   1.1456975e-03
   1.1456975e-03
   1.1456976e-03
   1.1456978e-03
   1.1456982e-03
   1.1456982e-03
   1.1456982e-03
   1.1456983e-03
   1.1456989e-03
   1.1456993e-03
   1.1456993e-03
   1.1456996e-03
   1.1456996e-03
   1.1457012e-03
   1.1457015e-03
   1.1457015e-03
   1.1457015e-03
   1.1457016e-03
   1.1457022e-03
   1.1457023e-03
   1.1457032e-03
   1.1457042e-03
   1.1457042e-03
   1.1457042e-03
   1.1457042e-03
   1.1457042e-03
   1.1457051e-03
   1.1457051e-03
   1.1457051e-03
   1.1457051e-03
   1.1457053e-03
   1.1457054e-03
   1.1457054e-03
   1.1457056e-03
   1.1457056e-03
   1.1457060e-03
   1.1457060e-03
   1.1457060e-03
   1.1457061e-03
   1.1457065e-03
   1.1457065e-03
   1.1457065e-03
   1.1457070e-03
   1.1457070e-03
   1.1457070e-03
   1.1457070e-03
   1.1457070e-03
   1.1457071e-03
   1.1457074e-03
   1.1457076e-03
   1.1457076e-03
   1.1457076e-03
   1.1457078e-03
   1.1457084e-03
   1.1457084e-03
   1.1457084e-03
   1.1457085e-03
   1.1457085e-03
   1.1457085e-03
   1.1457085e-03
   1.1457085e-03
   1.1457085e-03
   1.1457086e-03
   1.1457090e-03
   1.1457090e-03
   1.1457092e-03
   1.1457095e-03
   1.1457097e-03
   1.1457097e-03
   1.1457097e-03
   1.1457101e-03
   1.1457101e-03
   1.1457101e-03
   1.1457102e-03
   1.1457106e-03
   1.1457106e-03
   1.1457106e-03
   1.1457108e-03
   1.1457114e-03
   1.1457114e-03
   1.1457115e-03
   1.1457115e-03
   1.1457116e-03
   1.1457117e-03
   1.1457119e-03
   1.1457119e-03
   1.1457121e-03
   1.1457125e-03
   1.1457129e-03
   1.1457129e-03
   1.1457130e-03
   1.1457136e-03
   1.1457137e-03
   1.1457137e-03
   1.1457137e-03
   1.1457137e-03
   1.1457137e-03
   1.1457137e-03
   1.1457140e-03
   1.1457140e-03
   1.1457140e-03
   1.1457140e-03
   1.1457140e-03
   1.1457141e-03
   1.1457141e-03
   1.1457141e-03
   1.1457141e-03
   1.1457141e-03
   1.1457142e-03
   1.1457144e-03
   1.1457145e-03
   1.1457148e-03
   1.1457148e-03
   1.1457148e-03
   1.1457148e-03
   1.1457150e-03
   1.1457151e-03
   1.1457151e-03
   1.1457151e-03
   1.1457151e-03
   1.1457151e-03
   1.1457151e-03
   1.1457151e-03
   1.1457151e-03
   1.1457151e-03
   1.1457151e-03
   1.1457151e-03
   1.1457152e-03
   1.1457152e-03
   1.1457152e-03
   1.1457152e-03
   1.1457153e-03
   1.1457153e-03
   1.1457153e-03
   1.1457153e-03
   1.1457153e-03
   1.1457153e-03
   1.1457161e-03
   1.1457167e-03
   1.1457167e-03
   1.1457167e-03
   1.1457170e-03
   1.1457170e-03
   1.1457172e-03
   1.1457173e-03
   1.1457173e-03
   1.1457173e-03
   1.1457173e-03
   1.1457173e-03
   1.1457174e-03
   1.1457174e-03
   1.1457174e-03
   1.1457174e-03
   1.1457174e-03
   1.1457174e-03
   1.1457174e-03
   1.1457174e-03
   1.1457176e-03
   1.1457176e-03
   1.1457176e-03
   1.1457176e-03
   1.1457176e-03
   1.1457176e-03
   1.1457177e-03
   1.1457177e-03
   1.1457178e-03
   1.1457178e-03
   1.1457179e-03
   1.1457179e-03
   1.1457180e-03
   1.1457180e-03
   1.1457180e-03
   1.1457180e-03
   1.1457181e-03
   1.1457181e-03
   1.1457182e-03
   1.1457183e-03
   1.1457183e-03
   1.1457183e-03
   1.1457183e-03
   1.1457184e-03
   1.1457184e-03
   1.1457184e-03
   1.1457184e-03
   1.1457184e-03
   1.1457185e-03
   1.1457185e-03
   1.1457185e-03
   1.1457185e-03
   1.1457185e-03
   1.1457185e-03
   1.1457185e-03
   1.1457185e-03
   1.1457186e-03
   1.1457186e-03
   1.1457186e-03
   1.1457186e-03
   1.1457186e-03
   1.1457187e-03
   1.1457187e-03
   1.1457187e-03
   1.1457187e-03
   1.1457187e-03
   1.1457189e-03
   1.1457189e-03
   1.1457189e-03
   1.1457189e-03
   1.1457189e-03
   1.1457190e-03
   1.1457190e-03
   1.1457190e-03
   1.1457191e-03
   1.1457191e-03
   1.1457191e-03
   1.1457191e-03
   1.1457192e-03
   1.1457192e-03
   1.1457192e-03
   1.1457192e-03
   1.1457193e-03
   1.1457193e-03
   1.1457193e-03
   1.1457194e-03
   1.1457194e-03
   1.1457194e-03
   1.1457194e-03
   1.1457195e-03
   1.1457195e-03
   1.1457195e-03
   1.1457195e-03
   1.1457196e-03
   1.1457196e-03
   1.1457196e-03
   1.1457196e-03
   1.1457197e-03
   1.1457197e-03
   1.1457197e-03
   1.1457198e-03
   1.1457198e-03
   1.1457199e-03
   1.1457199e-03
   1.1457200e-03
   1.1457200e-03
   1.1457200e-03
   1.1457201e-03
   1.1457203e-03
   1.1457203e-03
   1.1457203e-03
   1.1457206e-03
   1.1457211e-03
   1.1457211e-03
   1.1457212e-03
   1.1457214e-03
   1.1457214e-03
   1.1457214e-03
   1.1457214e-03
   1.1457214e-03
   1.1457214e-03
   1.1457214e-03
   1.1457215e-03
   1.1457215e-03
   1.1457216e-03
   1.1457218e-03
   1.1457218e-03
   1.1457218e-03
   1.1457218e-03
   1.1457218e-03
   1.1457218e-03
   1.1457218e-03
   1.1457218e-03
   1.1457219e-03
   1.1457219e-03
   1.1457220e-03
   1.1457220e-03
   1.1457220e-03
   1.1457220e-03
   1.1457220e-03
   1.1457221e-03
   1.1457221e-03
   1.1457221e-03
   1.1457222e-03
   1.1457222e-03
   1.1457222e-03
   1.1457223e-03
   1.1457223e-03
   1.1457224e-03
   1.1457225e-03
   1.1457225e-03
   1.1457225e-03
   1.1457225e-03
   1.1457226e-03
   1.1457226e-03
   1.1457226e-03
   1.1457226e-03
   1.1457226e-03
   1.1457226e-03
   1.1457226e-03
   1.1457226e-03
   1.1457226e-03
   1.1457226e-03
   1.1457226e-03
   1.1457226e-03
   1.1457227e-03
   1.1457227e-03
   1.1457227e-03
   1.1457227e-03
   1.1457227e-03
   1.1457228e-03
   1.1457228e-03
   1.1457228e-03
   1.1457229e-03
   1.1457229e-03
   1.1457229e-03
   1.1457229e-03
   1.1457231e-03
   1.1457237e-03
   1.1457242e-03
   1.1457242e-03
   1.1457242e-03
   1.1457242e-03
   1.1457243e-03
   1.1457243e-03
   1.1457243e-03
   1.1457245e-03
   1.1457245e-03
   1.1457245e-03
   1.1457245e-03
   1.1457245e-03
   1.1457245e-03
   1.1457245e-03
   1.1457245e-03
   1.1457245e-03
   1.1457246e-03
   1.1457246e-03
   1.1457246e-03
   1.1457246e-03
   1.1457246e-03
   1.1457246e-03
   1.1457247e-03
   1.1457247e-03
   1.1457247e-03
   1.1457247e-03
   1.1457248e-03
   1.1457248e-03
   1.1457248e-03
   1.1457248e-03
   1.1457248e-03
   1.1457249e-03
   1.1457249e-03
   1.1457249e-03
   1.1457249e-03
   1.1457249e-03
   1.1457250e-03
   1.1457250e-03
   1.1457250e-03
   1.1457250e-03
   1.1457250e-03
   1.1457250e-03
   1.1457250e-03
   1.1457250e-03
   1.1457250e-03
   1.1457250e-03
   1.1457250e-03
   1.1457250e-03
   1.1457250e-03
   1.1457251e-03
   1.1457251e-03
   1.1457251e-03
   1.1457251e-03
   1.1457251e-03
   1.1457251e-03
   1.1457251e-03
   1.1457251e-03
   1.1457251e-03
   1.1457252e-03
   1.1457252e-03
   1.1457252e-03
   1.1457252e-03
   1.1457252e-03
   1.1457252e-03
   1.1457252e-03
   1.1457252e-03
   1.1457252e-03
   1.1457252e-03
   1.1457252e-03
   1.1457252e-03
   1.1457252e-03
   1.1457252e-03
   1.1457252e-03
   1.1457253e-03
   1.1457253e-03
   1.1457253e-03
   1.1457253e-03
   1.1457253e-03
   1.1457253e-03
   1.1457253e-03
   1.1457253e-03
   1.1457253e-03
   1.1457253e-03
   1.1457253e-03
   1.1457253e-03
   1.1457254e-03
   1.1457254e-03
   1.1457254e-03
   1.1457254e-03
   1.1457256e-03
   1.1457256e-03
   1.1457256e-03
   1.1457256e-03
   1.1457256e-03
   1.1457256e-03
   1.1457256e-03
   1.1457256e-03
   1.1457256e-03
   1.1457256e-03
   1.1457256e-03
   1.1457256e-03
   1.1457256e-03
   1.1457256e-03
   1.1457256e-03
   1.1457257e-03
   1.1457257e-03
   1.1457257e-03
   1.1457257e-03
   1.1457257e-03
   1.1457257e-03
   1.1457257e-03
   1.1457257e-03
   1.1457257e-03
   1.1457257e-03
   1.1457257e-03
   1.1457257e-03
   1.1457257e-03
   1.1457257e-03
   1.1457258e-03
   1.1457258e-03
   1.1457258e-03
   1.1457259e-03
   1.1457259e-03
   1.1457259e-03
   1.1457259e-03
   1.1457259e-03
   1.1457260e-03
   1.1457260e-03
   1.1457260e-03
   1.1457260e-03
