   8.6348233e-05
   9.0085290e-05
   9.8255584e-05
   1.0594627e-04
   1.1741409e-04
   1.1741409e-04
   1.1425803e-04
   1.2212766e-04
   1.3852818e-04
   1.3372737e-04
   1.3647036e-04
   1.3843865e-04
   1.4255109e-04
   1.5321980e-04
   1.5847147e-04
   1.5706450e-04
   1.5706450e-04
   1.6769190e-04
   1.6769190e-04
   1.6769190e-04
   1.7326311e-04
   1.8157535e-04
   1.8157535e-04
   1.8157535e-04
   1.8157535e-04
   1.9045465e-04
   1.9045465e-04
   1.9518632e-04
   1.9518632e-04
   1.9549594e-04
   1.9628903e-04
   1.9628903e-04
   1.9684811e-04
   1.9994242e-04
   2.0905514e-04
   2.1897683e-04
   2.1897683e-04
   2.1897683e-04
   2.1933800e-04
   2.2415278e-04
   2.2824798e-04
   2.2824798e-04
   2.3359415e-04
   2.3600712e-04
   2.3600712e-04
   2.3885045e-04
   2.4198697e-04
   2.4401116e-04
   2.4401116e-04
   2.4483695e-04
   2.4483695e-04
   2.4631107e-04
   2.4995289e-04
   2.4995289e-04
   2.5477492e-04
   2.5477492e-04
   2.5477492e-04
   2.5981223e-04
   2.5981223e-04
   2.6260550e-04
   2.6715981e-04
   2.7070963e-04
   2.7070963e-04
   2.7070963e-04
   2.7134123e-04
   2.7214402e-04
   2.7214402e-04
   2.7516465e-04
   2.7779517e-04
   2.8119853e-04
   2.8519809e-04
   2.8789073e-04
   2.8789073e-04
   2.9379159e-04
   2.9536060e-04
   2.9707470e-04
   2.9866699e-04
   3.0518954e-04
   3.0842925e-04
   3.0842925e-04
   3.0842925e-04
   3.1099902e-04
   3.1270253e-04
   3.1270253e-04
   3.2103653e-04
   3.2103653e-04
   3.2255120e-04
   3.2952973e-04
   3.3199428e-04
   3.3199428e-04
   3.4571074e-04
   3.4571074e-04
   3.4571074e-04
   3.4571074e-04
   3.5358129e-04
   3.5590840e-04
   3.5590840e-04
   3.6278992e-04
   3.6278992e-04
   3.6360054e-04
   3.6549002e-04
   3.8080655e-04
   3.8080655e-04
   3.8986289e-04
   3.9612754e-04
   4.0292273e-04
   4.0292273e-04
   4.0571226e-04
   4.1232095e-04
   4.1420351e-04
   4.1837095e-04
   4.3200042e-04
   4.3200042e-04
   4.3237634e-04
   4.3237634e-04
   4.3237634e-04
   4.4020287e-04
   4.4020287e-04
   4.5260497e-04
   4.6003616e-04
   4.6003616e-04
   4.6616216e-04
   4.6838136e-04
   4.6838136e-04
   4.6838136e-04
   4.6838136e-04
   4.7259578e-04
   4.7556685e-04
   4.7767206e-04
   4.8419819e-04
   4.8727452e-04
   4.8727452e-04
   4.9916580e-04
   5.0136976e-04
   5.0346985e-04
   5.0779379e-04
   5.2503492e-04
   5.2503492e-04
   5.2503492e-04
   5.2503492e-04
   5.2503492e-04
   5.3024803e-04
   5.3598485e-04
   5.3627052e-04
   5.3853529e-04
   5.4037090e-04
   5.4221054e-04
   5.4245968e-04
   5.4647741e-04
   5.6343410e-04
   5.7519791e-04
   5.8200334e-04
   5.8200334e-04
   5.9071025e-04
   6.0092914e-04
   6.0422441e-04
   6.0701274e-04
   6.1933381e-04
   6.1970429e-04
   6.1970429e-04
   6.2895709e-04
   6.3913959e-04
   6.3913959e-04
   6.4684872e-04
   6.5502593e-04
   6.5502593e-04
   6.6480630e-04
   6.6480630e-04
   6.9867932e-04
   6.9867932e-04
   6.9867932e-04
   7.1211295e-04
   7.4144395e-04
   7.4144395e-04
   7.4144395e-04
   7.4144395e-04
   7.4697681e-04
   7.4697681e-04
   7.5249433e-04
   7.5249433e-04
   7.5856426e-04
   7.6478526e-04
   7.6878519e-04
   7.6878519e-04
   7.7615296e-04
   7.8470657e-04
   7.9425121e-04
   7.9701481e-04
   7.9701481e-04
   7.9723822e-04
   8.0144897e-04
   8.0943920e-04
   8.1347110e-04
   8.1347110e-04
   8.1487721e-04
   8.1487721e-04
   8.2061730e-04
   8.2539965e-04
   8.2843820e-04
   8.3487700e-04
   8.3968337e-04
   8.3968337e-04
   8.4085929e-04
   8.4392456e-04
   8.4869183e-04
   8.6038480e-04
   8.7165487e-04
   8.7165487e-04
   8.7165487e-04
   8.7703389e-04
   8.7927940e-04
   8.9646641e-04
   8.9646641e-04
   8.9646641e-04
   8.9646641e-04
   8.9646641e-04
   8.9646641e-04
   9.0491672e-04
   9.1483468e-04
   9.1542437e-04
   9.1542437e-04
   9.1542437e-04
   9.6183772e-04
   9.6183772e-04
   9.6183772e-04
   9.7396644e-04
   9.8704002e-04
   1.0517490e-03
   1.1093740e-03
   1.1093740e-03
   1.1319923e-03
   1.2150890e-03
   1.2150890e-03
   1.2403090e-03
   1.2755924e-03
   1.2854793e-03
   1.3320218e-03
   1.3320218e-03
   1.3320218e-03
   1.3366936e-03
   1.3366936e-03
   1.3366936e-03
   1.3793134e-03
   1.3793134e-03
   1.4023307e-03
   1.4373717e-03
   1.4528158e-03
   1.4846900e-03
   1.5014074e-03
   1.5294181e-03
   1.5294181e-03
   1.5482535e-03
   1.5739031e-03
   1.5739031e-03
   1.6248030e-03
   1.6248030e-03
   1.6248030e-03
   1.6248030e-03
   1.6333541e-03
   1.6517015e-03
   1.6517015e-03
   1.6604784e-03
   1.6763083e-03
   1.6763083e-03
   1.6893762e-03
   1.6983369e-03
   1.7288117e-03
   1.7922009e-03
   1.8190538e-03
   1.9608348e-03
   1.9608348e-03
   1.9943482e-03
   1.9987790e-03
   1.9987790e-03
   1.9987790e-03
   2.0274703e-03
   2.0274703e-03
   2.0435767e-03
   2.0435767e-03
   2.0566673e-03
   2.0566673e-03
   2.0929149e-03
   2.0929149e-03
   2.1000390e-03
   2.1000390e-03
   2.1352546e-03
   2.1352546e-03
   2.1362594e-03
   2.1362594e-03
   2.1449227e-03
   2.1571148e-03
   2.1695582e-03
   2.2078102e-03
   2.2078102e-03
   2.2078102e-03
   2.2079943e-03
   2.2079943e-03
   2.2122214e-03
   2.2126766e-03
   2.2296790e-03
   2.2434656e-03
   2.2560401e-03
   2.2666579e-03
   2.2666579e-03
   2.2666579e-03
   2.2814405e-03
   2.2834197e-03
   2.2843472e-03
   2.2843472e-03
   2.2866195e-03
   2.2866195e-03
   2.2877306e-03
   2.2890966e-03
   2.3036536e-03
   2.3078220e-03
   2.3150394e-03
   2.3150394e-03
   2.3158292e-03
   2.3195767e-03
   2.3254052e-03
   2.3361245e-03
   2.3437164e-03
   2.3437164e-03
   2.3437164e-03
   2.3460809e-03
   2.3460809e-03
   2.3498755e-03
   2.3681873e-03
   2.3783690e-03
   2.3803780e-03
   2.3891521e-03
   2.4005130e-03
   2.4125524e-03
   2.4185722e-03
   2.4185722e-03
   2.4218714e-03
   2.4218714e-03
   2.4266822e-03
   2.4266822e-03
   2.4282467e-03
   2.4391211e-03
   2.4406846e-03
   2.4422477e-03
   2.4522974e-03
   2.4522974e-03
   2.4585389e-03
   2.4585389e-03
   2.4674734e-03
   2.4697924e-03
   2.4697924e-03
   2.4796444e-03
   2.4796444e-03
   2.4875366e-03
   2.4875366e-03
   2.4906583e-03
   2.4907365e-03
   2.4967272e-03
   2.4967272e-03
   2.5020363e-03
   2.5074082e-03
   2.5084743e-03
   2.5178102e-03
   2.5269367e-03
   2.5269367e-03
   2.5278745e-03
   2.5278745e-03
   2.5424223e-03
   2.5424223e-03
   2.5424223e-03
   2.5482174e-03
   2.5574488e-03
   2.5574488e-03
   2.5574488e-03
   2.5579412e-03
   2.5632143e-03
   2.5681290e-03
   2.5681290e-03
   2.5681290e-03
   2.5714771e-03
   2.5714771e-03
   2.5757943e-03
   2.5757943e-03
   2.5757943e-03
   2.5776545e-03
   2.5782352e-03
   2.5826056e-03
   2.5826056e-03
   2.5847174e-03
   2.5885431e-03
   2.5892175e-03
   2.5892175e-03
   2.5935695e-03
   2.5935695e-03
   2.5952941e-03
   2.5952941e-03
   2.5990403e-03
   2.5990403e-03
   2.6000980e-03
   2.6032409e-03
   2.6070050e-03
   2.6110105e-03
   2.6251355e-03
   2.6306282e-03
   2.6345782e-03
   2.6384371e-03
   2.6425001e-03
   2.6471087e-03
   2.6471087e-03
   2.6495127e-03
   2.6545113e-03
   2.6728004e-03
   2.6747873e-03
   2.6747873e-03
   2.6780881e-03
   2.6797632e-03
   2.6803332e-03
   2.6807229e-03
   2.6883170e-03
   2.6930729e-03
   2.6930729e-03
   2.6939010e-03
   2.7027115e-03
   2.7085588e-03
   2.7085588e-03
   2.7085588e-03
   2.7180850e-03
   2.7425216e-03
   2.7746869e-03
   2.7815852e-03
   2.7854343e-03
   2.8027263e-03
   2.8992525e-03
   3.0672196e-03
   3.1425244e-03
   3.2731311e-03
   3.2771536e-03
   3.3557605e-03
   3.3817298e-03
   3.3817298e-03
   3.3817298e-03
   3.3817298e-03
   3.3834333e-03
   3.3834333e-03
   3.4107343e-03
   3.4309852e-03
   3.4309852e-03
   3.4564663e-03
   3.4568945e-03
   3.4568945e-03
   3.4568945e-03
   3.4599903e-03
   3.4674017e-03
   3.4740863e-03
   3.4943225e-03
   3.5035165e-03
   3.5290159e-03
   3.5376049e-03
   3.5376049e-03
   3.5455938e-03
   3.5589142e-03
   3.5589142e-03
   3.5838259e-03
   3.5838259e-03
   3.5866598e-03
   3.5986763e-03
   3.6076481e-03
   3.6076481e-03
   3.6076481e-03
   3.6139436e-03
   3.6148816e-03
   3.6189675e-03
   3.6195971e-03
   3.6195971e-03
   3.6213564e-03
   3.6221464e-03
   3.6250717e-03
   3.6353144e-03
   3.6381526e-03
   3.6381526e-03
   3.6539714e-03
   3.6547131e-03
   3.6547131e-03
   3.6556332e-03
   3.6584381e-03
   3.6586313e-03
   3.6694852e-03
   3.7093301e-03
   3.7663144e-03
   3.7663144e-03
   3.7885360e-03
   3.7983365e-03
   3.9106152e-03
   3.9620109e-03
   3.9655213e-03
   4.0329307e-03
   4.2193047e-03
   4.5639976e-03
   4.9155161e-03
   4.9551569e-03
   5.2005528e-03
   5.2005528e-03
   5.8223410e-03
   5.8223410e-03
   5.8223410e-03
   5.8315685e-03
   5.8739241e-03
   5.9215218e-03
   5.9284999e-03
   5.9284999e-03
   5.9816998e-03
   5.9974716e-03
   6.0366666e-03
   6.0366666e-03
   6.0565457e-03
   6.0921485e-03
   6.1303112e-03
   6.1303112e-03
   6.1751934e-03
   6.2137895e-03
   6.2137895e-03
   6.2388183e-03
   6.2620686e-03
   6.2620686e-03
   6.2673309e-03
   6.2688273e-03
   6.2688273e-03
   6.2876026e-03
   6.2876026e-03
   6.3040155e-03
   6.3040155e-03
   6.3062417e-03
   6.3206672e-03
   6.3333354e-03
   6.3333354e-03
   6.3458818e-03
   6.3458818e-03
   6.3574676e-03
   6.3574676e-03
   6.3717623e-03
   6.3804022e-03
   6.4025850e-03
   6.4025850e-03
   6.4133782e-03
   6.4398089e-03
   6.4454562e-03
   6.4461344e-03
   6.4939346e-03
   6.4939346e-03
   6.5153414e-03
   6.5397136e-03
   6.5544052e-03
   6.5544052e-03
   6.5544052e-03
   6.5684559e-03
   6.5856913e-03
   6.6145328e-03
   6.6145328e-03
   6.6504196e-03
   6.6916179e-03
   6.7377559e-03
   6.7651259e-03
   6.7720733e-03
   6.8029352e-03
   6.8386476e-03
   6.8386476e-03
   6.8654490e-03
   6.8654490e-03
   6.8674715e-03
   6.8674715e-03
   6.8839856e-03
   6.8966828e-03
   6.9022263e-03
   6.9064079e-03
   6.9142226e-03
   6.9298143e-03
   6.9298143e-03
   6.9299195e-03
   6.9299195e-03
   6.9436650e-03
   6.9436650e-03
   6.9491584e-03
   6.9491584e-03
   6.9617259e-03
   6.9617259e-03
   6.9700219e-03
   6.9811474e-03
   6.9811474e-03
   6.9833352e-03
   6.9833352e-03
   6.9926895e-03
   6.9970558e-03
   6.9970558e-03
   6.9970558e-03
   7.0119167e-03
   7.0215393e-03
   7.0218224e-03
   7.0218224e-03
   7.0315117e-03
   7.0315117e-03
   7.0434875e-03
   7.0434875e-03
   7.0524901e-03
   7.0659677e-03
   7.0746328e-03
   7.0838625e-03
   7.0886128e-03
   7.0918438e-03
   7.0928817e-03
   7.1007940e-03
   7.1021067e-03
   7.1021067e-03
   7.1034363e-03
   7.1199582e-03
   7.1278972e-03
   7.1278972e-03
   7.1278972e-03
   7.1278972e-03
   7.1278972e-03
   7.1278972e-03
   7.1355354e-03
   7.1401028e-03
   7.1418742e-03
   7.1418742e-03
   7.1448147e-03
   7.1472414e-03
   7.1472414e-03
   7.1510072e-03
   7.1510072e-03
   7.1514810e-03
   7.1514810e-03
   7.1541609e-03
   7.1541609e-03
   7.1544845e-03
   7.1596743e-03
   7.1659436e-03
   7.1659436e-03
   7.1659436e-03
   7.1740059e-03
   7.1787858e-03
   7.1818348e-03
   7.1848096e-03
   7.1856237e-03
   7.1932064e-03
   7.1948306e-03
   7.2031211e-03
   7.2186326e-03
   7.2481850e-03
   7.2583793e-03
   7.2703677e-03
   7.2769113e-03
   7.2939092e-03
   7.3013106e-03
   7.3416377e-03
   7.3416377e-03
   7.3443367e-03
   7.3935210e-03
   7.5078207e-03
   7.5945503e-03
   7.7018829e-03
   7.7923291e-03
   7.9850868e-03
   8.1780708e-03
   8.2489791e-03
   8.2489791e-03
   8.2489791e-03
   8.2489791e-03
   8.2489791e-03
   8.2489791e-03
   8.2535420e-03
   8.2722068e-03
   8.2843222e-03
   8.2907041e-03
   8.2946726e-03
   8.2946726e-03
   8.3069401e-03
   8.3133162e-03
   8.3147003e-03
   8.3147003e-03
   8.3147003e-03
   8.3170309e-03
   8.3246866e-03
   8.3351490e-03
   8.3449425e-03
   8.3532690e-03
   8.3604193e-03
   8.3714308e-03
   8.3714308e-03
   8.3714308e-03
   8.3714308e-03
   8.3732955e-03
   8.4112745e-03
   8.4378243e-03
   8.4407426e-03
   8.4628965e-03
   8.4628965e-03
   8.4695422e-03
   8.4695422e-03
   8.4845642e-03
   8.4845642e-03
   8.4863268e-03
   8.4863268e-03
   8.4963817e-03
   8.4963817e-03
   8.4963817e-03
   8.4978544e-03
   8.4978544e-03
   8.5000501e-03
   8.5001646e-03
   8.5001646e-03
   8.5077698e-03
   8.5089395e-03
   8.5095271e-03
   8.5095271e-03
   8.5111296e-03
   8.5111296e-03
   8.5124060e-03
   8.5189567e-03
   8.5189567e-03
   8.5189567e-03
   8.5189567e-03
   8.5189567e-03
   8.5197780e-03
   8.5223494e-03
   8.5236412e-03
   8.5239879e-03
   8.5239879e-03
   8.5292442e-03
   8.5292442e-03
   8.5295213e-03
   8.5323806e-03
   8.5323806e-03
   8.5351085e-03
   8.5365397e-03
   8.5432162e-03
   8.5432162e-03
   8.5432162e-03
   8.5455700e-03
   8.5482916e-03
   8.5482916e-03
   8.5508220e-03
   8.5545108e-03
   8.5578716e-03
   8.5578716e-03
   8.5622870e-03
   8.5661128e-03
   8.5684253e-03
   8.5687740e-03
   8.5743084e-03
   8.5743084e-03
   8.5743084e-03
   8.5780653e-03
   8.5785579e-03
   8.5795069e-03
   8.5841922e-03
   8.5841922e-03
   8.5854486e-03
   8.5877786e-03
   8.5879073e-03
   8.5941375e-03
   8.5941375e-03
   8.5941375e-03
   8.5941375e-03
   8.5954029e-03
   8.6004741e-03
   8.6014045e-03
   8.6149903e-03
   8.6149903e-03
   8.6159014e-03
   8.6185258e-03
   8.6231976e-03
   8.6247548e-03
   8.6247548e-03
   8.6247548e-03
   8.6247548e-03
   8.6247548e-03
   8.6250937e-03
   8.6274264e-03
   8.6312116e-03
   8.6358273e-03
   8.6449222e-03
   8.6472388e-03
   8.6478052e-03
   8.6507329e-03
   8.6555732e-03
   8.6556862e-03
   8.6653662e-03
   8.6860450e-03
   8.7178303e-03
   8.7178303e-03
   8.7178303e-03
   8.7495552e-03
   8.7498626e-03
   8.7831968e-03
   8.8006590e-03
   8.8074208e-03
   8.8161383e-03
   8.8276099e-03
   8.8642391e-03
   8.8790278e-03
   8.9931012e-03
   9.0434179e-03
   9.1202196e-03
   9.1239757e-03
   9.1770172e-03
   9.2394002e-03
   9.4888293e-03
   9.4888293e-03
   9.5449045e-03
   9.5933289e-03
   9.6824130e-03
   9.8350948e-03
   9.8350948e-03
   9.9513152e-03
   9.9513152e-03
   1.0555275e-02
   1.0940040e-02
   1.1919400e-02
   1.2794297e-02
   1.3243683e-02
   1.4773157e-02
   1.8566946e-02
   1.8601519e-02
   2.1264549e-02
   2.2071494e-02
   2.2071494e-02
   2.2188771e-02
   2.2188771e-02
   2.2188771e-02
   2.2304402e-02
   2.2304402e-02
   2.2320163e-02
   2.2320163e-02
   2.2320163e-02
   2.2320163e-02
   2.2320163e-02
   2.2320163e-02
   2.2357799e-02
   2.2373142e-02
   2.2392292e-02
   2.2392292e-02
   2.2395595e-02
   2.2402446e-02
   2.2423399e-02
   2.2423399e-02
   2.2464166e-02
   2.2471903e-02
   2.2471903e-02
   2.2471903e-02
   2.2471903e-02
   2.2503421e-02
   2.2570637e-02
   2.2570637e-02
   2.2570637e-02
   2.2581934e-02
   2.2621779e-02
   2.2626842e-02
   2.2636280e-02
   2.2657025e-02
   2.2696909e-02
   2.2737013e-02
   2.2737013e-02
   2.2757486e-02
   2.2870062e-02
   2.2945314e-02
   2.3173501e-02
   2.3362209e-02
   2.3727057e-02
   2.3801346e-02
   2.4216368e-02
   2.4362843e-02
   2.4840687e-02
   2.5114727e-02
   2.5114727e-02
   2.5391215e-02
   2.5761461e-02
   2.6309840e-02
   2.6920313e-02
   2.7395784e-02
   2.7770563e-02
   3.0354648e-02
   3.1097437e-02
   3.1097437e-02
   3.1495060e-02
   3.4614926e-02
   4.2257976e-02
   6.1994583e-02
   8.5695747e-02
   8.5695747e-02
   8.5695747e-02
   8.7105076e-02
   8.7105076e-02
   8.7105076e-02
   8.7511841e-02
   8.7511841e-02
   8.7511841e-02
   8.7511841e-02
   8.7602656e-02
   8.7770459e-02
   8.7826557e-02
   8.8244484e-02
   8.8469921e-02
   8.8649542e-02
   8.8649542e-02
   8.8702303e-02
   8.8818274e-02
   8.9093305e-02
   8.9348270e-02
   8.9348270e-02
   8.9466992e-02
   8.9818572e-02
   8.9818572e-02
   8.9873286e-02
   8.9873286e-02
   9.0054236e-02
   9.0545347e-02
   9.1087094e-02
   9.1087094e-02
   9.1317515e-02
   9.1317515e-02
   9.1481055e-02
   9.1481055e-02
   9.1505750e-02
   9.1505750e-02
   9.1791536e-02
   9.1791536e-02
   9.1894848e-02
   9.1894848e-02
   9.1929717e-02
   9.1947366e-02
   9.1947366e-02
   9.1947366e-02
   9.2021218e-02
   9.2021218e-02
   9.2221847e-02
   9.2221847e-02
   9.2221847e-02
   9.2322729e-02
   9.2537975e-02
   9.2537975e-02
   9.2537975e-02
   9.2628307e-02
   9.2737765e-02
   9.2804963e-02
   9.3130848e-02
   9.3217562e-02
   9.3217562e-02
   9.3217562e-02
   9.3217562e-02
   9.3217562e-02
   9.3290745e-02
   9.3508041e-02
   9.3530259e-02
   9.3540050e-02
   9.3711682e-02
   9.3837673e-02
   9.3837673e-02
   9.3869709e-02
   9.3894805e-02
   9.3894805e-02
   9.3928431e-02
   9.4023374e-02
   9.4023374e-02
   9.4023374e-02
   9.4033924e-02
   9.4086135e-02
   9.4411993e-02
   9.4411993e-02
   9.4474192e-02
   9.4474192e-02
   9.4474192e-02
   9.4550352e-02
   9.4695499e-02
   9.4695499e-02
   9.4695499e-02
   9.4695499e-02
   9.4753652e-02
   9.4777786e-02
   9.4801090e-02
   9.4801090e-02
   9.4801090e-02
   9.4801090e-02
   9.4801090e-02
   9.4869632e-02
   9.4869632e-02
   9.4963485e-02
   9.4963485e-02
   9.5005695e-02
   9.5013340e-02
   9.5013340e-02
   9.5013340e-02
   9.5059448e-02
   9.5063917e-02
   9.5063917e-02
   9.5083805e-02
   9.5125222e-02
   9.5125222e-02
   9.5125222e-02
   9.5136440e-02
   9.5179333e-02
   9.5225926e-02
   9.5225926e-02
   9.5225926e-02
   9.5225926e-02
   9.5245549e-02
   9.5250145e-02
   9.5250145e-02
   9.5307747e-02
   9.5307747e-02
   9.5307747e-02
   9.5307747e-02
   9.5307747e-02
   9.5323526e-02
   9.5323526e-02
   9.5356007e-02
   9.5356007e-02
   9.5356007e-02
   9.5356007e-02
   9.5356007e-02
   9.5380125e-02
   9.5380125e-02
   9.5380125e-02
   9.5413204e-02
   9.5440233e-02
   9.5440233e-02
   9.5440233e-02
   9.5454306e-02
   9.5467448e-02
   9.5471157e-02
   9.5484884e-02
   9.5484884e-02
   9.5511560e-02
   9.5511560e-02
   9.5520660e-02
   9.5536057e-02
   9.5542606e-02
   9.5555632e-02
   9.5555632e-02
   9.5573109e-02
   9.5589416e-02
   9.5614516e-02
   9.5620080e-02
   9.5662649e-02
   9.5706500e-02
   9.5712215e-02
   9.5785187e-02
   9.5785187e-02
   9.5785187e-02
   9.5785187e-02
   9.5785187e-02
   9.5789808e-02
   9.5789808e-02
   9.5825315e-02
   9.5825315e-02
   9.5825315e-02
   9.5826734e-02
   9.5847742e-02
   9.5875537e-02
   9.5923079e-02
   9.5923079e-02
   9.5933545e-02
   9.5949508e-02
   9.5995307e-02
   9.6045986e-02
   9.6064709e-02
   9.6090220e-02
   9.6090220e-02
   9.6118902e-02
   9.6143315e-02
   9.6143315e-02
   9.6150746e-02
   9.6185868e-02
   9.6234845e-02
   9.6234845e-02
   9.6294144e-02
   9.6323430e-02
   9.6448245e-02
   9.6448245e-02
   9.6462200e-02
   9.6462200e-02
   9.6501899e-02
   9.6501899e-02
   9.6591744e-02
   9.6671212e-02
   9.6671212e-02
   9.6692823e-02
   9.6692823e-02
   9.6708989e-02
   9.6708989e-02
   9.6708989e-02
   9.6708989e-02
   9.6739245e-02
   9.6739245e-02
   9.6751633e-02
   9.6751633e-02
   9.6751633e-02
   9.6758758e-02
   9.6775904e-02
   9.6775904e-02
   9.6775904e-02
   9.6799067e-02
   9.6809722e-02
   9.6814723e-02
   9.6816066e-02
   9.6836299e-02
   9.6860604e-02
   9.6862133e-02
   9.6889143e-02
   9.6891827e-02
   9.6939268e-02
   9.6962820e-02
   9.7007253e-02
   9.7046690e-02
   9.7199777e-02
   9.7215250e-02
   9.7215250e-02
   9.7282060e-02
   9.7316851e-02
   9.7347240e-02
   9.7399887e-02
   9.7399887e-02
   9.7467146e-02
   9.7493394e-02
   9.7493394e-02
   9.7553813e-02
   9.7690245e-02
   9.7883066e-02
   9.8244411e-02
   9.8244411e-02
   9.8403682e-02
   9.8874458e-02
   9.9037856e-02
   9.9836131e-02
   1.0018705e-01
   1.0219868e-01
   1.0262967e-01
   1.0369231e-01
   1.0416344e-01
   1.0533052e-01
   1.0930663e-01
   1.1345322e-01
   1.1941960e-01
   1.3252783e-01
   1.5408732e-01
   2.2276453e-01
   2.9910213e-01
   3.4654352e-01
   4.7361659e-01
   4.7361659e-01
   4.7573816e-01
   4.7573816e-01
   4.7573816e-01
   4.7573816e-01
   4.7573816e-01
   4.7668901e-01
   4.7668901e-01
   4.7668901e-01
   4.8277988e-01
   4.8277988e-01
   4.8277988e-01
   4.8634519e-01
   4.8680768e-01
   4.9355687e-01
   4.9355687e-01
   4.9785316e-01
   4.9785316e-01
   4.9785316e-01
   4.9785316e-01
   4.9785316e-01
   4.9868891e-01
   4.9891561e-01
   5.0098620e-01
   5.0129673e-01
   5.0456787e-01
   5.0456787e-01
   5.0956465e-01
   5.1126934e-01
   5.1404299e-01
   5.1404299e-01
   5.1441181e-01
   5.1535554e-01
   5.1535554e-01
   5.1615902e-01
   5.1615902e-01
   5.1615902e-01
   5.1902245e-01
   5.1902245e-01
   5.1902245e-01
   5.1902245e-01
   5.1902245e-01
   5.1902245e-01
   5.1920819e-01
   5.2011627e-01
   5.2092643e-01
   5.2159813e-01
   5.2159813e-01
   5.2384228e-01
   5.2384228e-01
   5.2384228e-01
   5.2404824e-01
   5.2513675e-01
   5.2513675e-01
   5.2513675e-01
   5.2575010e-01
   5.2663202e-01
   5.2663202e-01
   5.2679440e-01
   5.2679440e-01
   5.2760641e-01
   5.2760641e-01
   5.2776078e-01
   5.2833656e-01
   5.2833656e-01
   5.2863848e-01
   5.2941491e-01
   5.2976957e-01
   5.2976957e-01
   5.3034278e-01
   5.3055304e-01
   5.3055304e-01
   5.3055304e-01
   5.3055304e-01
   5.3055304e-01
   5.3068958e-01
   5.3076475e-01
   5.3076475e-01
   5.3104843e-01
   5.3145079e-01
   5.3149937e-01
   5.3149937e-01
   5.3149937e-01
   5.3149937e-01
   5.3149937e-01
   5.3200431e-01
   5.3200431e-01
   5.3200431e-01
   5.3214019e-01
   5.3236010e-01
   5.3236010e-01
   5.3265384e-01
   5.3270662e-01
   5.3272148e-01
   5.3272148e-01
   5.3305091e-01
   5.3305091e-01
   5.3305091e-01
   5.3331844e-01
   5.3331844e-01
   5.3352916e-01
   5.3377538e-01
   5.3410258e-01
   5.3410258e-01
   5.3467145e-01
   5.3554840e-01
   5.3647746e-01
   5.3817639e-01
   5.3942919e-01
   5.3975289e-01
   5.4114907e-01
   5.4239093e-01
   5.4239093e-01
   5.4239093e-01
   5.4245445e-01
   5.4251500e-01
   5.4307671e-01
   5.4397806e-01
   5.4492654e-01
   5.4492654e-01
   5.4546926e-01
   5.4546926e-01
   5.4546926e-01
   5.4575075e-01
   5.4575075e-01
   5.4598805e-01
   5.4598805e-01
   5.4610453e-01
   5.4610453e-01
   5.4631959e-01
   5.4734147e-01
   5.4845371e-01
   5.4968123e-01
   5.5026900e-01
   5.5092725e-01
   5.5176808e-01
   5.5720923e-01
   5.6252865e-01
   5.6279341e-01
   5.6279341e-01
   5.6839075e-01
   5.6839075e-01
   5.6839075e-01
   5.6931228e-01
   5.6931228e-01
   5.6931228e-01
   5.6931228e-01
   5.6931228e-01
   5.6955201e-01
   5.6981594e-01
   5.7025814e-01
   5.7025814e-01
   5.7108927e-01
   5.7109342e-01
   5.7109342e-01
   5.7131090e-01
   5.7131090e-01
   5.7200469e-01
   5.7209606e-01
   5.7209606e-01
   5.7219759e-01
   5.7243093e-01
   5.7243093e-01
   5.7269514e-01
   5.7383266e-01
   5.7383266e-01
   5.7383266e-01
   5.7403212e-01
   5.7403212e-01
   5.7403212e-01
   5.7414238e-01
   5.7414238e-01
   5.7418460e-01
   5.7441804e-01
   5.7501389e-01
   5.7561500e-01
   5.7590595e-01
   5.7706005e-01
   5.7767619e-01
   5.7767619e-01
   5.7780075e-01
   5.7780075e-01
   5.7833275e-01
   5.7846474e-01
   5.7846474e-01
   5.7846474e-01
   5.7846474e-01
   5.7846474e-01
   5.7871110e-01
   5.7880957e-01
   5.7924632e-01
   5.7925634e-01
   5.7988266e-01
   5.8000404e-01
   5.8024879e-01
   5.8024879e-01
   5.8035582e-01
   5.8081809e-01
   5.8081809e-01
   5.8084706e-01
   5.8084706e-01
   5.8092591e-01
   5.8151754e-01
   5.8174309e-01
   5.8195056e-01
   5.8224367e-01
   5.8311755e-01
   5.8418124e-01
   5.8500101e-01
   5.8500101e-01
   5.8510463e-01
   5.8565391e-01
   5.8707907e-01
   5.8879652e-01
   5.9124145e-01
   5.9124145e-01
   5.9124145e-01
   5.9124145e-01
   5.9124145e-01
   5.9153994e-01
   5.9507172e-01
   5.9631029e-01
   6.0105953e-01
   6.0106553e-01
   6.0196546e-01
   6.0426206e-01
   6.1133740e-01
   6.1133740e-01
   6.1205578e-01
   6.1377330e-01
   6.1377330e-01
   6.1377330e-01
   6.1377330e-01
   6.1505824e-01
   6.1505824e-01
   6.1505824e-01
   6.1505824e-01
   6.1505824e-01
   6.1505824e-01
   6.1505824e-01
   6.1540433e-01
   6.1540433e-01
   6.1545200e-01
   6.1572187e-01
   6.1572187e-01
   6.1572187e-01
   6.1572187e-01
   6.1604502e-01
   6.1604502e-01
   6.1611254e-01
   6.1650594e-01
   6.1650594e-01
   6.1650594e-01
   6.1653392e-01
   6.1653746e-01
   6.1677558e-01
   6.1689329e-01
   6.1689329e-01
   6.1701580e-01
   6.1725775e-01
   6.1736434e-01
   6.1736434e-01
   6.1752145e-01
   6.1769258e-01
   6.1806043e-01
   6.1838288e-01
   6.1880896e-01
   6.1880896e-01
   6.1922293e-01
   6.1952330e-01
   6.1952330e-01
   6.1952330e-01
   6.1969333e-01
   6.1974776e-01
   6.1974776e-01
   6.1985712e-01
   6.1985712e-01
   6.2005297e-01
   6.2005297e-01
   6.2009769e-01
   6.2017654e-01
   6.2017654e-01
   6.2024617e-01
   6.2030439e-01
   6.2030439e-01
   6.2030439e-01
   6.2030439e-01
   6.2030439e-01
   6.2053497e-01
   6.2053497e-01
   6.2055175e-01
   6.2055175e-01
   6.2058339e-01
   6.2063565e-01
   6.2063565e-01
   6.2065550e-01
   6.2065550e-01
   6.2065550e-01
   6.2065980e-01
   6.2088434e-01
   6.2088434e-01
   6.2088434e-01
   6.2088434e-01
   6.2095515e-01
   6.2095515e-01
   6.2095515e-01
   6.2095515e-01
   6.2102960e-01
   6.2113069e-01
   6.2125295e-01
   6.2127394e-01
   6.2137226e-01
   6.2140041e-01
   6.2140041e-01
   6.2152676e-01
   6.2184383e-01
   6.2200779e-01
   6.2205547e-01
   6.2237067e-01
   6.2272199e-01
   6.2304376e-01
   6.2304376e-01
   6.2354762e-01
   6.2432088e-01
   6.2502739e-01
   6.2541447e-01
   6.2585403e-01
   6.2585403e-01
   6.2585403e-01
   6.2585403e-01
   6.2585403e-01
   6.2585403e-01
   6.2585403e-01
   6.2585403e-01
   6.2585403e-01
   6.2585403e-01
   6.2591242e-01
   6.2591242e-01
   6.2593855e-01
   6.2593855e-01
   6.2593855e-01
   6.2597331e-01
   6.2603171e-01
   6.2604418e-01
   6.2607025e-01
   6.2609844e-01
   6.2611513e-01
   6.2617235e-01
   6.2618385e-01
   6.2621992e-01
   6.2628577e-01
   6.2628577e-01
   6.2628577e-01
   6.2632345e-01
   6.2632345e-01
   6.2634748e-01
   6.2635454e-01
   6.2644203e-01
   6.2647979e-01
   6.2647979e-01
   6.2656030e-01
   6.2665340e-01
   6.2666277e-01
   6.2666447e-01
   6.2669243e-01
   6.2683705e-01
   6.2683705e-01
   6.2683705e-01
   6.2696650e-01
   6.2726864e-01
   6.2736432e-01
   6.2751806e-01
   6.2753297e-01
   6.2759269e-01
   6.2781401e-01
   6.2791796e-01
   6.2864060e-01
   6.2951472e-01
   6.3086807e-01
   6.3116128e-01
   6.3116128e-01
   6.3212113e-01
   6.3212113e-01
   6.3226103e-01
   6.3323911e-01
   6.3341918e-01
   6.3341918e-01
   6.3341918e-01
   6.3343168e-01
   6.3347630e-01
   6.3347630e-01
   6.3353782e-01
   6.3353782e-01
   6.3353782e-01
   6.3353782e-01
   6.3369116e-01
   6.3369116e-01
   6.3376120e-01
   6.3382646e-01
   6.3382646e-01
   6.3386642e-01
   6.3386642e-01
   6.3388907e-01
   6.3388907e-01
   6.3391177e-01
   6.3391177e-01
   6.3391177e-01
   6.3391960e-01
   6.3405631e-01
   6.3405631e-01
   6.3405631e-01
   6.3405631e-01
   6.3407813e-01
   6.3407813e-01
   6.3407813e-01
   6.3413051e-01
   6.3425530e-01
   6.3436685e-01
   6.3436685e-01
   6.3436685e-01
   6.3443014e-01
   6.3443014e-01
   6.3450868e-01
   6.3457308e-01
   6.3464178e-01
   6.3482200e-01
   6.3482818e-01
   6.3483309e-01
   6.3494230e-01
   6.3497510e-01
   6.3497510e-01
   6.3497510e-01
   6.3505375e-01
   6.3511849e-01
   6.3511849e-01
   6.3512510e-01
   6.3514014e-01
   6.3514775e-01
   6.3519798e-01
   6.3519798e-01
   6.3524337e-01
   6.3530694e-01
   6.3538054e-01
   6.3538054e-01
   6.3539220e-01
   6.3546108e-01
   6.3561120e-01
   6.3567668e-01
   6.3583553e-01
   6.3585561e-01
   6.3598130e-01
   6.3613583e-01
   6.3633634e-01
   6.3655120e-01
   6.3685759e-01
   6.3773116e-01
   6.3827298e-01
   6.3928333e-01
   6.4049248e-01
   6.4182466e-01
   6.4328368e-01
   6.4427386e-01
   6.4796547e-01
   6.4843796e-01
   6.5124552e-01
   6.5246120e-01
   6.5821510e-01
   6.6697040e-01
   6.7551967e-01
   6.7692509e-01
   6.8033396e-01
   6.8097377e-01
   6.8097377e-01
   6.8097377e-01
   6.8097377e-01
   6.8097377e-01
   6.8097377e-01
   6.8099588e-01
   6.8099588e-01
   6.8102145e-01
   6.8108072e-01
   6.8117023e-01
   6.8117023e-01
   6.8121681e-01
   6.8128954e-01
   6.8142415e-01
   6.8142415e-01
   6.8143826e-01
   6.8143826e-01
   6.8147128e-01
   6.8149492e-01
   6.8160739e-01
   6.8165228e-01
   6.8165228e-01
   6.8165228e-01
   6.8169407e-01
   6.8169407e-01
   6.8169407e-01
   6.8172518e-01
   6.8181336e-01
   6.8185789e-01
   6.8194230e-01
   6.8194230e-01
   6.8194230e-01
   6.8194230e-01
   6.8194385e-01
   6.8194385e-01
   6.8201581e-01
   6.8211400e-01
   6.8211400e-01
   6.8214516e-01
   6.8214516e-01
   6.8218670e-01
   6.8218670e-01
   6.8222619e-01
   6.8222619e-01
   6.8229677e-01
   6.8234681e-01
   6.8234681e-01
   6.8234681e-01
   6.8234681e-01
   6.8234681e-01
   6.8240626e-01
   6.8246708e-01
   6.8248078e-01
   6.8248078e-01
   6.8252431e-01
   6.8261576e-01
   6.8261576e-01
   6.8263731e-01
   6.8263731e-01
   6.8263731e-01
   6.8263731e-01
   6.8264741e-01
   6.8267818e-01
   6.8279180e-01
   6.8279180e-01
   6.8279180e-01
   6.8282106e-01
   6.8282106e-01
   6.8282106e-01
   6.8282344e-01
   6.8282344e-01
   6.8284689e-01
   6.8284689e-01
   6.8287940e-01
   6.8290130e-01
   6.8290130e-01
   6.8290130e-01
   6.8291048e-01
   6.8293708e-01
   6.8293708e-01
   6.8293708e-01
   6.8296046e-01
   6.8296046e-01
   6.8296046e-01
   6.8296046e-01
   6.8296673e-01
   6.8298023e-01
   6.8299823e-01
   6.8303013e-01
   6.8303013e-01
   6.8303013e-01
   6.8305785e-01
   6.8309349e-01
   6.8312234e-01
   6.8315632e-01
   6.8316853e-01
   6.8329670e-01
   6.8340797e-01
   6.8343167e-01
   6.8355312e-01
   6.8367371e-01
   6.8386532e-01
   6.8412245e-01
   6.8447334e-01
   6.8502242e-01
   6.8517479e-01
   6.8554250e-01
   6.8651391e-01
   6.8866161e-01
   6.9143718e-01
   6.9557892e-01
   7.0023780e-01
   7.0158652e-01
   7.0242500e-01
   7.0242500e-01
   7.0242500e-01
   7.0242500e-01
   7.0242500e-01
   7.0242500e-01
   7.0242500e-01
   7.0243171e-01
   7.0257688e-01
   7.0257688e-01
   7.0261398e-01
   7.0261398e-01
   7.0263090e-01
   7.0263090e-01
   7.0268478e-01
   7.0268478e-01
   7.0268478e-01
   7.0269616e-01
   7.0270237e-01
   7.0270237e-01
   7.0270237e-01
   7.0271031e-01
   7.0271031e-01
   7.0273478e-01
   7.0278205e-01
   7.0279948e-01
   7.0283765e-01
   7.0283765e-01
   7.0283765e-01
   7.0286866e-01
   7.0286866e-01
   7.0295743e-01
   7.0300021e-01
   7.0314129e-01
   7.0323318e-01
   7.0348669e-01
   7.0383293e-01
   7.0396419e-01
   7.0400336e-01
   7.0415463e-01
   7.0478735e-01
   7.0523039e-01
   7.0545551e-01
   7.0581898e-01
   7.0717444e-01
   7.0908112e-01
   7.1161344e-01
   7.1459267e-01
   7.1694574e-01
   7.2312365e-01
   7.2946688e-01
   7.3932510e-01
   7.4339131e-01
   7.4339131e-01
   7.4339131e-01
   7.4339131e-01
   7.4386847e-01
   7.4396069e-01
   7.4469860e-01
   7.4469860e-01
   7.4475029e-01
   7.4546726e-01
   7.4551254e-01
   7.4698478e-01
   7.4741204e-01
   7.4858738e-01
   7.4894698e-01
   7.4907535e-01
